"","Week.number","Week.ended","Total.deaths..all.ages","All.Under.1.year","All.01.14","All.15.44","All.45.64","All.65.74","All.75.84","All.85.","Male.Under.1.year","Male.01.14","Male.15.44","Male.45.64","Male.65.74","Male.75.84","Male.85.","Female.Under.1.year","Female.01.14","Female.15.44","Female.45.64","Female.65.74","Female.75.84","Female.85.","North.East","North.West","Yorkshire.and.The.Humber","East.Midlands","West.Midlands","East","London","South.East","South.West","Wales"
"1",1,2010-01-08,12968,61,24,299,1570,2049,3952,5012,25,9,184,894,1214,2004,1683,36,15,115,676,835,1948,3329,648,1686,1317,1091,1370,1412,1226,1904,1395,879
"2",2,2010-01-15,12541,69,29,331,1465,1860,3883,4902,40,17,214,895,1082,1925,1719,29,12,117,570,778,1958,3183,612,1772,1163,1098,1258,1263,1262,1981,1354,758
"3",3,2010-01-22,11762,66,18,347,1392,1781,3501,4654,35,9,219,826,1045,1755,1609,31,9,128,566,736,1746,3045,550,1576,1133,963,1216,1174,1186,1877,1294,774
"4",4,2010-01-29,11056,68,21,336,1300,1666,3359,4305,39,9,222,770,976,1687,1458,29,12,114,530,690,1672,2847,555,1495,1031,938,1106,1143,1093,1856,1150,663
"5",5,2010-02-05,10524,72,18,317,1308,1588,3123,4089,32,11,203,764,914,1635,1441,40,7,114,544,674,1488,2648,556,1385,987,874,1097,1156,1035,1576,1147,688
"6",6,2010-02-12,10117,79,28,308,1239,1596,3002,3864,45,14,200,753,963,1611,1346,34,14,108,486,633,1391,2518,553,1402,941,858,1024,1032,1049,1547,1070,622
"7",7,2010-02-19,10102,71,17,329,1276,1560,3015,3834,40,3,216,760,927,1521,1373,31,14,113,516,633,1494,2461,521,1371,960,802,1029,1099,1031,1570,1069,636
"8",8,2010-02-26,10295,73,27,340,1315,1600,3106,3833,36,14,222,780,948,1551,1334,37,13,118,535,652,1555,2499,471,1363,1040,880,1020,1149,983,1594,1098,665
"9",9,2010-03-05,9981,55,31,348,1230,1547,3003,3765,33,16,235,743,940,1529,1288,22,15,113,487,607,1474,2477,535,1417,952,778,1060,1064,917,1580,1041,623
"10",10,2010-03-12,9792,45,28,334,1259,1552,2917,3653,27,20,214,726,912,1446,1297,18,8,120,533,640,1471,2356,512,1390,984,800,941,1074,960,1457,1042,607
"11",11,2010-03-19,9729,53,24,294,1307,1572,2895,3581,34,14,189,775,922,1468,1247,19,10,105,532,650,1427,2334,529,1316,965,820,993,1005,979,1466,1015,617
"12",12,2010-03-26,9631,61,32,303,1227,1566,2870,3554,37,17,185,725,923,1488,1205,24,15,118,502,643,1382,2349,498,1292,965,792,970,1039,920,1484,1066,591
"13",13,2010-04-02,8004,50,16,230,1035,1256,2385,2971,28,8,144,614,749,1236,1067,22,8,86,421,507,1149,1904,394,1130,768,682,874,814,731,1174,921,501
"14",14,2010-04-09,9756,66,19,288,1242,1603,2958,3553,35,9,176,764,949,1538,1276,31,10,112,478,654,1420,2277,517,1357,937,850,1010,1002,981,1473,991,608
"15",15,2010-04-16,9892,63,21,321,1276,1646,3058,3496,38,8,196,780,968,1611,1193,25,13,125,496,678,1447,2303,516,1369,995,794,998,1068,950,1476,1056,639
"16",16,2010-04-23,9449,66,31,333,1243,1525,2821,3429,35,16,229,757,898,1494,1200,31,15,104,486,627,1327,2229,486,1328,880,782,971,1048,918,1438,1019,557
"17",17,2010-04-30,9503,59,19,325,1220,1564,2857,3458,33,12,220,740,912,1523,1196,26,7,105,480,652,1334,2262,516,1252,964,759,994,1021,916,1443,999,616
"18",18,2010-05-07,8343,59,13,240,1119,1379,2574,2955,32,8,148,667,818,1327,1092,27,5,92,452,561,1247,1863,444,1150,870,660,821,899,797,1252,872,555
"19",19,2010-05-14,9483,70,25,335,1262,1497,2973,3321,33,10,217,763,910,1511,1211,37,15,118,499,587,1462,2110,516,1276,944,812,935,937,963,1463,1055,565
"20",20,2010-05-21,9190,71,22,356,1165,1525,2689,3361,35,12,232,686,888,1375,1179,36,10,124,479,637,1314,2182,502,1248,896,757,930,964,916,1401,965,591
"21",21,2010-05-28,9452,78,26,352,1205,1616,2861,3310,43,18,221,742,947,1480,1145,35,8,131,463,669,1381,2165,474,1292,983,782,962,1033,939,1415,978,563
"22",22,2010-06-04,8178,49,20,244,1080,1371,2416,2996,30,14,155,650,813,1209,1082,19,6,89,430,558,1207,1914,457,1145,827,661,807,845,848,1202,831,541
"23",23,2010-06-11,9259,46,14,303,1292,1527,2727,3350,30,5,197,780,870,1424,1222,16,9,106,512,657,1303,2128,539,1268,902,795,931,962,908,1413,927,591
"24",24,2010-06-18,8513,72,18,291,1182,1497,2530,2923,32,10,189,716,860,1327,1121,40,8,102,466,637,1203,1802,450,1118,834,664,894,908,812,1299,988,525
"25",25,2010-06-25,8461,57,15,311,1145,1437,2502,2994,37,6,211,686,835,1283,1050,20,9,100,459,602,1219,1944,464,1157,863,715,894,897,805,1283,848,510
"26",26,2010-07-02,8973,58,22,279,1161,1497,2644,3306,31,9,179,720,897,1296,1149,27,13,100,441,600,1348,2157,446,1236,851,734,924,920,887,1425,939,592
"27",27,2010-07-09,8627,61,20,313,1203,1376,2688,2964,34,14,207,731,835,1430,1053,27,6,106,472,541,1258,1911,507,1163,814,694,855,886,861,1315,950,555
"28",28,2010-07-16,8541,74,26,291,1174,1404,2582,2988,36,15,197,734,804,1353,1067,38,11,94,440,600,1229,1921,444,1153,829,753,867,851,900,1285,862,573
"29",29,2010-07-23,8261,55,19,302,1200,1359,2533,2791,33,8,195,722,808,1338,991,22,11,107,478,551,1195,1800,442,1108,857,685,837,901,852,1154,875,528
"30",30,2010-07-30,8257,68,15,289,1075,1377,2464,2965,40,7,191,636,796,1288,1008,28,8,98,439,581,1176,1957,453,1155,858,629,869,882,777,1187,873,552
"31",31,2010-08-06,8467,61,17,355,1211,1434,2557,2828,28,10,224,700,834,1344,1018,33,7,131,511,600,1213,1810,479,1110,849,647,894,883,826,1303,906,538
"32",32,2010-08-13,8318,62,20,327,1086,1386,2478,2958,38,6,213,635,801,1258,1031,24,14,114,451,585,1220,1927,417,1138,844,696,893,847,783,1292,874,510
"33",33,2010-08-20,8584,46,20,280,1144,1425,2604,3063,26,8,169,683,852,1372,1039,20,12,111,461,573,1232,2024,447,1169,850,721,905,840,882,1280,939,526
"34",34,2010-08-27,8635,58,13,278,1160,1462,2531,3123,28,11,193,684,872,1319,1120,30,2,85,476,590,1212,2003,471,1187,895,675,901,898,817,1307,938,511
"35",35,2010-09-03,7708,52,13,249,1045,1292,2316,2741,26,7,159,623,765,1177,1005,26,6,90,422,527,1139,1736,407,1081,788,626,784,784,740,1151,817,514
"36",36,2010-09-10,8961,54,22,322,1176,1539,2684,3164,33,11,210,716,906,1373,1097,21,11,112,460,633,1311,2067,446,1313,866,784,877,897,838,1372,992,531
"37",37,2010-09-17,8727,68,21,320,1206,1476,2534,3093,37,13,215,746,885,1334,1077,31,8,105,460,591,1200,2016,442,1256,830,736,856,891,880,1348,933,508
"38",38,2010-09-24,8943,67,19,317,1131,1455,2651,3299,30,14,227,685,828,1303,1171,37,5,90,446,627,1348,2128,468,1137,907,819,920,949,858,1364,930,567
"39",39,2010-10-01,8759,68,23,282,1160,1440,2564,3218,43,10,185,676,837,1319,1128,25,13,97,484,603,1245,2090,448,1252,885,698,892,898,852,1294,934,579
"40",40,2010-10-08,9195,66,24,315,1214,1455,2785,3334,38,17,204,731,839,1401,1191,28,7,111,483,616,1384,2143,501,1265,853,744,931,967,955,1448,937,580
"41",41,2010-10-15,9218,70,28,307,1315,1467,2703,3328,35,18,202,807,869,1412,1222,35,10,105,508,598,1291,2106,485,1239,907,737,988,993,898,1415,976,562
"42",42,2010-10-22,9286,46,22,318,1205,1495,2766,3433,23,15,200,706,881,1423,1215,23,7,118,499,614,1343,2218,506,1206,1002,744,936,990,894,1450,942,599
"43",43,2010-10-29,9275,55,23,323,1198,1462,2861,3350,27,10,207,738,873,1454,1190,28,13,116,460,589,1407,2160,519,1342,917,766,892,1012,944,1363,968,531
"44",44,2010-11-05,9668,66,21,318,1215,1581,2851,3616,38,15,204,731,928,1459,1295,28,6,114,484,653,1392,2321,491,1370,923,835,943,1043,961,1517,992,572
"45",45,2010-11-12,9406,58,16,307,1221,1507,2829,3468,28,12,203,710,898,1489,1239,30,4,104,511,609,1340,2229,514,1319,916,790,956,1031,900,1430,963,564
"46",46,2010-11-19,9437,55,11,319,1185,1540,2856,3471,32,7,208,701,900,1485,1212,23,4,111,484,640,1371,2259,498,1306,940,807,972,942,889,1452,1010,597
"47",47,2010-11-26,9473,57,23,307,1198,1502,2932,3454,32,12,203,713,896,1483,1244,25,11,104,485,606,1449,2210,463,1356,960,851,919,985,883,1440,987,605
"48",48,2010-12-03,9220,51,19,280,1199,1516,2764,3391,22,14,187,697,902,1413,1206,29,5,93,502,614,1351,2185,458,1343,888,750,1016,994,808,1293,1003,651
"49",49,2010-12-10,11193,59,29,338,1396,1736,3336,4298,38,15,212,854,1051,1762,1546,21,14,126,542,685,1574,2752,549,1413,1220,896,1114,1140,1107,1866,1170,695
"50",50,2010-12-17,10880,62,23,349,1466,1642,3193,4145,35,12,214,901,984,1642,1427,27,11,135,565,658,1551,2718,558,1509,1097,913,1121,1114,1015,1701,1143,690
"51",51,2010-12-24,11484,64,35,405,1463,1796,3465,4255,39,15,249,870,1037,1743,1471,25,20,156,593,759,1722,2784,616,1605,1098,971,1159,1233,1149,1717,1157,751
"52",52,2010-12-31,9689,40,21,218,1254,1514,2861,3778,24,13,132,744,874,1395,1339,16,8,86,510,640,1466,2439,527,1408,976,834,1036,950,965,1331,924,707
"53",1,2011-01-07,12644,54,30,306,1548,2017,3742,4945,24,18,190,929,1152,1870,1715,30,12,116,619,865,1872,3230,616,1662,1351,1135,1264,1323,1188,1911,1318,846
"54",2,2011-01-14,13133,59,32,378,1701,2014,3824,5119,35,16,242,984,1170,1901,1760,24,16,136,717,844,1923,3359,654,1797,1268,1158,1390,1282,1267,2089,1428,772
"55",3,2011-01-21,11438,56,18,388,1403,1764,3333,4476,34,8,246,839,1036,1660,1601,22,10,142,564,728,1673,2875,584,1555,1095,989,1193,1146,1067,1826,1320,638
"56",4,2011-01-28,10555,69,29,331,1363,1651,3072,4039,43,14,208,826,976,1593,1374,26,15,123,537,675,1479,2665,537,1429,1091,931,986,1085,1020,1704,1093,656
"57",5,2011-02-04,10235,44,19,327,1337,1664,2947,3897,31,7,206,767,975,1521,1368,13,12,121,570,689,1426,2529,556,1366,972,877,1066,1120,943,1559,1070,687
"58",6,2011-02-11,10019,69,18,302,1279,1631,2926,3793,39,12,203,756,939,1507,1411,30,6,99,523,692,1419,2382,526,1359,997,827,1062,1032,1010,1461,1042,679
"59",7,2011-02-18,9757,64,16,340,1283,1515,2957,3581,41,12,224,775,898,1523,1297,23,4,116,508,617,1434,2284,551,1343,992,843,974,986,927,1503,1011,609
"60",8,2011-02-25,9433,57,17,287,1213,1487,2813,3559,33,8,186,728,847,1424,1321,24,9,101,485,640,1389,2238,575,1366,941,756,961,947,873,1443,972,580
"61",9,2011-03-04,9453,60,27,286,1274,1495,2814,3497,37,15,168,761,881,1450,1265,23,12,118,513,614,1364,2232,498,1329,864,789,957,991,900,1515,999,590
"62",10,2011-03-11,9648,66,21,299,1213,1624,2858,3567,44,10,196,736,977,1477,1228,22,11,103,477,647,1381,2339,526,1295,970,815,964,971,946,1461,1051,630
"63",11,2011-03-18,9842,63,29,304,1260,1519,2995,3671,40,11,198,734,925,1524,1352,23,18,106,526,594,1471,2319,533,1279,969,809,1060,1075,953,1523,1018,593
"64",12,2011-03-25,9707,75,24,312,1179,1545,2935,3626,45,13,218,707,892,1477,1323,30,11,94,472,653,1458,2303,496,1291,1023,790,943,1034,893,1519,1062,633
"65",13,2011-04-01,9312,55,35,264,1226,1529,2774,3428,31,18,167,752,855,1415,1197,24,17,97,474,674,1359,2231,496,1322,937,762,972,967,863,1425,974,574
"66",14,2011-04-08,9557,70,25,289,1245,1579,2828,3518,35,16,197,715,931,1484,1271,35,9,92,530,648,1344,2247,478,1310,946,801,958,1073,931,1481,991,566
"67",15,2011-04-15,9327,76,27,312,1205,1562,2743,3401,42,13,207,731,936,1426,1207,34,14,105,474,626,1317,2194,493,1305,950,772,915,963,923,1402,1010,573
"68",16,2011-04-22,8335,59,19,239,1057,1328,2500,3130,30,10,154,634,808,1305,1117,29,9,85,423,520,1195,2013,411,1171,841,714,839,863,801,1268,859,535
"69",17,2011-04-29,8064,46,20,257,997,1306,2427,3009,24,11,165,590,749,1233,1091,22,9,92,407,557,1194,1918,429,1104,841,726,764,828,784,1161,845,565
"70",18,2011-05-06,9853,66,19,315,1302,1598,2953,3600,41,11,205,787,906,1580,1298,25,8,110,515,692,1373,2302,543,1324,1009,805,1028,997,923,1479,1069,654
"71",19,2011-05-13,10140,85,19,352,1358,1665,2964,3697,45,9,241,824,961,1528,1309,40,10,111,534,704,1436,2388,504,1328,985,848,968,1108,907,1716,1128,616
"72",20,2011-05-20,8949,70,20,291,1191,1507,2722,3146,39,11,193,722,882,1466,1126,31,9,98,469,625,1256,2020,496,1276,879,678,921,929,815,1414,936,577
"73",21,2011-05-27,9163,62,21,302,1233,1516,2671,3357,36,14,197,735,874,1387,1191,26,7,105,498,642,1284,2166,511,1302,890,721,946,959,884,1393,942,583
"74",22,2011-06-03,7913,53,17,255,1050,1290,2350,2896,29,6,145,624,742,1227,1058,24,11,110,426,548,1123,1838,441,1044,826,682,807,804,776,1161,807,544
"75",23,2011-06-10,9254,60,23,325,1197,1517,2729,3400,41,13,216,725,933,1422,1251,19,10,109,472,584,1307,2149,457,1250,899,739,895,1015,868,1468,1031,601
"76",24,2011-06-17,8961,69,18,296,1227,1468,2626,3256,39,8,183,713,886,1412,1197,30,10,113,514,582,1214,2059,472,1306,889,708,899,941,852,1378,982,512
"77",25,2011-06-24,8715,59,19,290,1126,1398,2682,3131,38,12,180,665,851,1372,1123,21,7,110,461,547,1310,2008,435,1142,853,738,952,888,825,1342,969,544
"78",26,2011-07-01,8710,63,10,323,1131,1497,2423,3262,41,6,208,673,899,1278,1176,22,4,115,458,598,1145,2086,479,1215,872,707,867,937,880,1304,899,526
"79",27,2011-07-08,8705,64,21,301,1155,1474,2570,3119,39,9,193,688,874,1320,1132,25,12,108,467,600,1250,1987,458,1215,850,731,936,883,843,1282,901,579
"80",28,2011-07-15,8461,40,13,258,1163,1367,2571,3049,23,10,159,694,789,1322,1079,17,3,99,469,578,1249,1970,432,1159,851,684,886,924,855,1243,857,538
"81",29,2011-07-22,8500,66,21,305,1168,1378,2539,3023,39,13,199,668,808,1309,1100,27,8,106,500,570,1230,1923,488,1139,847,674,884,871,814,1293,932,529
"82",30,2011-07-29,8456,62,25,260,1118,1452,2466,3072,44,14,166,648,846,1282,1130,18,11,94,470,606,1184,1942,469,1190,851,684,851,894,801,1235,932,526
"83",31,2011-08-05,8787,52,19,297,1182,1433,2650,3153,31,13,196,701,838,1356,1138,21,6,101,481,595,1294,2015,480,1235,861,746,822,907,858,1368,931,547
"84",32,2011-08-12,8573,61,12,272,1174,1430,2617,3007,38,8,170,719,818,1378,1074,23,4,102,455,612,1239,1933,483,1212,819,687,913,888,860,1276,900,515
"85",33,2011-08-19,8426,65,10,291,1119,1387,2473,3079,33,4,194,668,811,1296,1118,32,6,97,451,576,1177,1961,453,1146,819,643,856,920,873,1267,930,491
"86",34,2011-08-26,8466,77,12,287,1133,1366,2544,3045,49,8,179,688,825,1373,1128,28,4,108,445,541,1171,1917,417,1150,873,735,821,849,869,1247,915,563
"87",35,2011-09-02,7717,53,17,254,1018,1222,2369,2783,29,10,154,608,724,1237,1010,24,7,100,410,498,1132,1773,395,1092,765,606,813,776,735,1220,825,471
"88",36,2011-09-09,8769,52,17,249,1149,1462,2659,3179,28,8,160,680,859,1391,1177,24,9,89,469,603,1268,2002,481,1161,890,739,908,896,852,1283,950,580
"89",37,2011-09-16,8612,53,27,279,1159,1401,2536,3157,32,19,180,707,812,1310,1184,21,8,99,452,589,1226,1973,430,1121,902,703,897,927,860,1363,877,505
"90",38,2011-09-23,8527,53,20,309,1107,1371,2509,3157,32,15,182,645,818,1338,1157,21,5,127,462,553,1171,2000,445,1119,877,716,819,899,852,1329,942,506
"91",39,2011-09-30,8919,54,22,302,1172,1512,2563,3294,30,12,185,712,877,1353,1200,24,10,117,460,635,1210,2094,487,1229,912,727,873,959,888,1377,902,544
"92",40,2011-10-07,8719,65,16,268,1065,1422,2634,3249,38,13,166,615,822,1333,1144,27,3,102,450,600,1301,2105,437,1216,895,722,839,923,862,1314,923,567
"93",41,2011-10-14,8705,69,18,288,1202,1425,2510,3192,30,10,193,696,855,1298,1143,39,8,95,506,570,1212,2049,480,1169,860,745,862,914,882,1359,909,511
"94",42,2011-10-21,8638,68,16,264,1130,1460,2565,3121,44,9,178,686,853,1380,1129,24,7,86,444,607,1185,1992,437,1150,881,685,921,857,795,1394,935,557
"95",43,2011-10-28,9139,55,17,306,1195,1411,2637,3512,32,12,200,728,840,1342,1281,23,5,106,467,571,1295,2231,516,1267,935,775,928,961,847,1369,916,604
"96",44,2011-11-04,9640,61,20,285,1262,1537,2798,3677,34,15,192,722,898,1461,1288,27,5,93,540,639,1337,2389,507,1301,1039,838,945,1017,936,1391,1027,617
"97",45,2011-11-11,9042,56,30,288,1149,1527,2721,3271,30,18,187,698,887,1420,1184,26,12,101,451,640,1301,2087,518,1244,855,769,932,927,868,1381,962,571
"98",46,2011-11-18,9305,64,15,312,1208,1496,2732,3475,35,10,190,699,871,1426,1180,29,5,122,509,625,1306,2295,495,1310,910,768,970,984,859,1452,987,554
"99",47,2011-11-25,9166,61,16,274,1158,1490,2696,3466,39,10,174,696,896,1352,1243,22,6,100,462,594,1344,2223,462,1238,907,787,907,938,878,1405,1013,599
"100",48,2011-12-02,9203,56,22,287,1209,1533,2642,3454,24,14,183,728,884,1308,1232,32,8,104,481,649,1334,2222,496,1229,949,745,991,990,845,1432,925,591
"101",49,2011-12-09,9828,52,21,308,1268,1530,2850,3799,33,13,199,776,909,1488,1366,19,8,109,492,621,1362,2433,529,1360,1013,827,940,1015,995,1532,991,602
"102",50,2011-12-16,10348,74,12,314,1243,1673,3128,3903,49,8,189,747,992,1610,1413,25,4,125,496,681,1518,2490,543,1449,1029,849,1068,1080,1022,1547,1116,623
"103",51,2011-12-23,11151,79,25,327,1268,1822,3229,4394,45,13,218,798,1074,1664,1589,34,12,109,470,748,1565,2805,620,1518,1080,949,1120,1213,1061,1696,1179,680
"104",52,2011-12-30,8472,48,22,176,915,1309,2591,3411,29,14,107,530,763,1342,1221,19,8,69,385,546,1249,2190,443,1250,891,709,846,881,844,1162,870,554
"105",1,2012-01-06,10514,48,19,181,1255,1570,3140,4280,22,11,95,723,907,1608,1513,26,8,86,532,663,1532,2767,520,1442,1069,852,1002,1127,1096,1584,1139,660
"106",2,2012-01-13,11343,61,17,282,1370,1795,3372,4393,29,9,170,784,1024,1749,1516,32,8,112,586,771,1623,2877,611,1452,1150,922,1165,1189,1099,1836,1177,707
"107",3,2012-01-20,10393,48,17,279,1204,1601,3047,4197,31,11,180,727,922,1570,1478,17,6,99,477,679,1477,2719,546,1429,1093,869,1038,1050,974,1652,1088,635
"108",4,2012-01-27,10320,45,28,285,1240,1626,3008,4088,29,14,184,733,977,1575,1440,16,14,101,507,649,1433,2648,556,1377,1074,871,1077,1047,993,1569,1095,644
"109",5,2012-02-03,10117,52,26,280,1245,1531,2939,4044,34,11,167,739,883,1513,1481,18,15,113,506,648,1426,2563,507,1382,1010,856,1046,1105,1020,1507,1083,586
"110",6,2012-02-10,10287,50,18,312,1237,1650,2942,4077,28,12,210,737,960,1540,1477,22,6,102,500,690,1402,2600,493,1354,1039,890,1043,1088,1032,1597,1116,622
"111",7,2012-02-17,10532,53,16,290,1164,1639,3118,4252,30,11,186,683,950,1601,1570,23,5,104,481,689,1517,2682,533,1430,1037,857,1015,1102,1127,1668,1117,628
"112",8,2012-02-24,11086,75,14,320,1220,1667,3234,4551,47,12,224,701,967,1622,1696,28,2,96,519,700,1612,2855,563,1465,1086,935,1086,1204,1159,1787,1148,630
"113",9,2012-03-02,10945,55,22,278,1310,1614,3286,4374,33,15,183,767,951,1686,1524,22,7,95,543,663,1600,2850,504,1417,1085,868,1128,1182,1149,1738,1171,668
"114",10,2012-03-09,10507,57,16,318,1185,1585,3074,4270,34,8,225,685,907,1600,1489,23,8,93,500,678,1474,2781,533,1419,1006,856,1099,1155,1002,1652,1089,679
"115",11,2012-03-16,10041,58,18,270,1238,1485,2990,3982,35,13,165,741,867,1551,1444,23,5,105,497,618,1439,2538,478,1300,1031,867,985,1065,1002,1645,1043,610
"116",12,2012-03-23,9864,67,34,296,1256,1526,2877,3806,40,17,193,738,893,1476,1378,27,17,103,518,633,1401,2428,507,1315,985,804,961,1094,941,1545,1052,637
"117",13,2012-03-30,9634,61,21,290,1170,1541,2769,3779,39,13,197,711,885,1421,1382,22,8,93,459,656,1348,2397,487,1363,892,830,935,1036,935,1516,1029,593
"118",14,2012-04-06,8520,50,23,301,1072,1314,2478,3281,32,12,192,642,788,1295,1152,18,11,109,430,526,1183,2129,450,1181,827,739,827,880,817,1326,857,596
"119",15,2012-04-13,9992,65,26,278,1155,1639,2959,3870,35,15,178,659,978,1509,1375,30,11,100,496,661,1450,2495,512,1445,969,829,972,1097,967,1488,1030,662
"120",16,2012-04-20,10816,72,18,306,1313,1732,3231,4135,46,12,175,783,981,1663,1505,26,6,131,530,751,1568,2630,584,1496,1034,913,1136,1153,977,1673,1183,644
"121",17,2012-04-27,10238,60,21,288,1227,1607,2986,4048,34,12,177,713,961,1583,1416,26,9,111,514,646,1403,2632,556,1306,1024,879,1051,1108,942,1597,1092,655
"122",18,2012-05-04,9957,60,25,301,1171,1615,2936,3847,32,14,200,686,952,1502,1347,28,11,101,485,663,1434,2500,538,1392,964,852,1070,1066,903,1487,1051,609
"123",19,2012-05-11,8868,54,16,241,1063,1370,2652,3461,36,5,137,635,802,1374,1250,18,11,104,428,568,1278,2211,441,1255,820,786,876,950,844,1378,909,590
"124",20,2012-05-18,9913,67,23,306,1212,1643,2891,3761,40,13,205,713,967,1496,1394,27,10,101,499,676,1395,2367,505,1347,1012,805,1090,1027,907,1457,1094,636
"125",21,2012-05-25,9602,58,26,273,1177,1622,2839,3607,37,16,175,701,937,1474,1259,21,10,98,476,685,1365,2348,505,1383,933,747,965,1007,924,1497,1019,603
"126",22,2012-06-01,9602,60,23,303,1190,1542,2873,3606,34,13,209,718,862,1538,1250,26,10,94,472,680,1335,2356,514,1310,978,783,945,1026,888,1478,1051,605
"127",23,2012-06-08,6781,42,9,185,846,1130,2021,2548,20,6,98,485,649,1030,915,22,3,87,361,481,991,1633,362,984,714,557,647,660,663,953,733,489
"128",24,2012-06-15,10170,80,16,300,1217,1794,3063,3700,42,6,197,712,1034,1602,1354,38,10,103,505,760,1461,2346,539,1360,1000,853,1116,1082,961,1515,1090,630
"129",25,2012-06-22,9054,53,17,289,1147,1527,2658,3363,21,5,190,674,862,1370,1229,32,12,99,473,665,1288,2134,482,1255,861,757,960,942,827,1441,950,559
"130",26,2012-06-29,8856,56,16,256,1130,1464,2594,3339,33,9,168,677,847,1363,1238,23,7,88,453,617,1231,2101,508,1203,894,810,896,931,835,1297,955,509
"131",27,2012-07-06,8909,64,17,266,1098,1521,2633,3306,41,12,192,645,898,1362,1188,23,5,74,453,623,1271,2118,478,1184,923,738,927,975,796,1365,933,573
"132",28,2012-07-13,8754,57,16,260,1123,1493,2571,3233,31,6,180,657,880,1338,1217,26,10,80,466,613,1233,2016,441,1218,828,738,898,944,865,1254,973,572
"133",29,2012-07-20,8684,47,26,292,1124,1495,2538,3162,29,15,182,676,854,1255,1192,18,11,110,448,641,1283,1970,459,1217,889,730,909,815,827,1311,943,567
"134",30,2012-07-27,8877,69,15,283,1157,1500,2557,3295,40,7,194,673,896,1326,1177,29,8,89,484,604,1231,2118,496,1204,937,718,896,930,872,1291,946,558
"135",31,2012-08-03,8942,56,13,271,1153,1527,2590,3331,31,8,178,675,893,1331,1147,25,5,93,478,634,1259,2184,480,1212,844,767,868,964,829,1401,971,576
"136",32,2012-08-10,8810,70,38,249,1124,1447,2564,3316,43,19,158,677,850,1339,1213,27,19,91,447,597,1225,2103,469,1215,871,746,935,889,808,1336,968,548
"137",33,2012-08-17,8776,54,14,268,1108,1446,2611,3274,21,9,167,654,844,1354,1190,33,5,101,454,602,1257,2084,452,1138,872,707,909,962,807,1335,962,604
"138",34,2012-08-24,8977,62,19,283,1144,1515,2618,3336,28,8,160,690,928,1329,1200,34,11,123,454,587,1289,2136,460,1211,917,749,937,1001,844,1342,936,553
"139",35,2012-08-31,7617,62,13,243,952,1293,2288,2766,36,8,155,576,767,1211,1029,26,5,88,376,526,1077,1737,397,1075,793,634,812,790,734,1088,793,478
"140",36,2012-09-07,8848,62,20,243,1164,1418,2596,3345,36,17,155,671,830,1328,1198,26,3,88,493,588,1268,2147,450,1233,853,764,954,933,829,1304,974,534
"141",37,2012-09-14,8641,63,19,259,1106,1476,2486,3231,31,13,181,688,893,1301,1228,32,6,78,418,583,1185,2003,475,1178,940,735,897,858,799,1319,902,511
"142",38,2012-09-21,8839,56,15,319,1173,1474,2548,3253,27,7,209,713,840,1338,1166,29,8,110,460,634,1210,2087,518,1268,882,725,878,893,811,1305,997,538
"143",39,2012-09-28,8865,59,16,246,1094,1495,2624,3330,37,13,147,642,920,1393,1217,22,3,99,452,575,1231,2113,468,1223,891,712,902,918,830,1343,942,615
"144",40,2012-10-05,9070,66,16,234,1122,1508,2639,3483,37,13,153,670,896,1411,1296,29,3,81,452,612,1228,2187,471,1299,858,714,914,920,855,1455,997,561
"145",41,2012-10-12,9441,52,11,270,1162,1489,2821,3636,27,4,176,692,858,1429,1310,25,7,94,470,631,1392,2326,467,1298,940,765,965,987,887,1475,1022,613
"146",42,2012-10-19,9284,57,24,245,1120,1535,2750,3553,39,16,159,644,910,1441,1283,18,8,86,476,625,1309,2270,510,1277,901,791,883,1018,897,1443,1003,543
"147",43,2012-10-26,9550,49,31,280,1149,1490,2842,3709,27,15,182,689,868,1462,1373,22,16,98,460,622,1380,2336,503,1355,948,794,990,970,920,1480,1001,574
"148",44,2012-11-02,9335,63,21,284,1158,1579,2666,3563,35,13,181,661,919,1335,1266,28,8,103,497,660,1331,2297,459,1348,928,753,951,973,898,1393,998,609
"149",45,2012-11-09,9683,66,25,304,1172,1556,2813,3746,38,15,193,696,887,1483,1364,28,10,111,476,669,1330,2382,459,1348,928,753,951,973,898,1393,998,609
"150",46,2012-11-16,9900,69,19,288,1197,1576,2863,3888,37,10,188,725,910,1480,1444,32,9,100,472,666,1383,2444,507,1370,954,763,1000,1007,926,1539,1015,586
"151",47,2012-11-23,9679,70,18,307,1203,1522,2765,3783,42,6,206,722,894,1458,1412,28,12,101,481,628,1307,2371,550,1276,1017,836,1022,1011,987,1496,1074,608
"152",48,2012-11-30,9394,58,19,268,1136,1551,2826,3532,30,8,172,693,905,1507,1285,28,11,96,443,646,1319,2247,539,1236,929,794,999,1059,956,1483,1031,629
"153",49,2012-12-07,9844,71,32,283,1219,1575,2888,3774,38,18,185,753,921,1519,1370,33,14,98,466,654,1369,2404,492,1321,897,765,958,971,901,1415,983,668
"154",50,2012-12-14,10388,60,23,334,1213,1628,3060,4068,39,11,221,692,947,1589,1539,21,12,113,521,681,1471,2529,543,1330,1017,827,1014,1003,899,1492,1048,650
"155",51,2012-12-21,11461,56,23,306,1315,1823,3343,4585,33,14,219,732,1043,1731,1655,23,9,87,583,780,1612,2930,584,1433,977,869,1085,1062,986,1610,1017,744
"156",52,2012-12-28,8096,40,15,200,817,1240,2397,3387,24,7,112,477,738,1226,1204,16,8,88,340,502,1171,2183,421,1174,845,696,792,809,792,1179,821,552
"157",1,2013-01-04,11620,34,24,220,1179,1780,3461,4921,17,13,129,679,1047,1734,1757,17,11,91,500,733,1727,3164,696,1545,1138,976,1268,1198,1080,1793,1174,725
"158",2,2013-01-11,12541,65,27,315,1481,1849,3703,5100,50,11,183,885,1071,1915,1775,15,16,132,596,778,1788,3325,732,1650,1213,1025,1325,1299,1182,1988,1346,755
"159",3,2013-01-18,11075,54,11,324,1305,1693,3156,4532,32,5,192,791,1001,1594,1621,22,6,132,514,692,1562,2911,646,1539,1155,928,1072,1232,1012,1680,1149,647
"160",4,2013-01-25,11262,49,20,285,1216,1780,3286,4625,24,12,179,730,1035,1713,1614,25,8,106,486,745,1573,3011,607,1571,1163,919,1158,1193,1063,1643,1191,738
"161",5,2013-02-01,11314,51,24,253,1288,1682,3293,4723,31,10,155,749,982,1739,1758,20,14,98,539,700,1554,2965,599,1481,1121,956,1149,1215,1079,1734,1211,749
"162",6,2013-02-08,11044,59,21,295,1235,1713,3243,4478,30,10,193,740,1007,1645,1614,29,11,102,495,706,1598,2864,565,1533,1102,873,1172,1144,1052,1725,1182,682
"163",7,2013-02-15,11030,55,31,357,1307,1682,3200,4396,32,12,216,785,988,1649,1608,23,19,141,522,694,1551,2788,585,1542,1126,912,1174,1138,1117,1575,1146,697
"164",8,2013-02-22,10850,58,22,292,1170,1655,3132,4515,42,8,178,688,985,1569,1645,16,14,114,482,670,1563,2870,554,1522,1102,939,1074,1116,1048,1631,1159,688
"165",9,2013-03-01,10783,52,25,318,1242,1664,3079,4400,34,12,210,755,945,1615,1596,18,13,108,487,719,1464,2804,532,1525,1056,893,1093,1171,1004,1693,1155,642
"166",10,2013-03-08,11245,52,24,279,1287,1706,3269,4625,23,16,167,727,1011,1692,1669,29,8,112,560,695,1577,2956,529,1568,1088,950,1198,1210,1041,1724,1198,719
"167",11,2013-03-15,11180,55,27,313,1261,1668,3239,4617,39,16,205,772,980,1615,1638,16,11,108,489,688,1624,2979,513,1538,1067,912,1223,1148,1019,1726,1286,720
"168",12,2013-03-22,11075,59,15,297,1245,1609,3280,4567,25,6,203,743,945,1699,1591,34,9,94,502,664,1581,2976,517,1534,1152,987,1121,1168,1017,1631,1195,729
"169",13,2013-03-29,9280,41,22,238,1031,1435,2672,3821,25,16,154,618,847,1347,1393,16,6,84,413,588,1325,2428,466,1300,927,764,960,908,902,1403,1022,617
"170",14,2013-04-05,10890,55,21,276,1245,1652,3162,4467,39,14,161,755,954,1635,1618,16,7,115,490,698,1527,2849,516,1531,1113,911,1153,1084,1041,1579,1169,736
"171",15,2013-04-12,12147,47,20,308,1351,1866,3543,4999,22,12,196,835,1093,1834,1805,25,8,112,516,773,1709,3194,600,1660,1147,952,1371,1233,1125,1914,1320,792
"172",16,2013-04-19,11752,49,24,285,1352,1814,3418,4808,33,11,200,817,1037,1804,1743,16,13,85,535,777,1614,3065,565,1524,1139,1014,1197,1274,1062,1801,1322,770
"173",17,2013-04-26,10625,48,17,328,1226,1693,3009,4304,30,7,216,761,1005,1557,1522,18,10,112,465,688,1452,2782,505,1449,1085,869,1066,1134,981,1648,1159,708
"174",18,2013-05-03,10169,63,23,330,1225,1650,2897,3978,26,13,231,749,992,1572,1413,37,10,99,476,658,1325,2565,555,1347,966,852,1042,1070,952,1612,1094,657
"175",19,2013-05-10,8814,56,17,269,1046,1468,2594,3363,34,10,163,631,873,1401,1220,22,7,106,415,595,1193,2143,483,1213,895,718,870,954,868,1306,942,547
"176",20,2013-05-17,9847,67,20,278,1199,1633,2961,3688,41,9,201,700,981,1594,1328,26,11,77,499,652,1367,2360,484,1295,995,823,1047,1040,919,1546,1068,603
"177",21,2013-05-24,9530,52,24,255,1133,1489,2912,3663,34,15,178,688,840,1580,1332,18,9,77,445,649,1332,2331,489,1293,978,776,1000,978,863,1501,1020,606
"178",22,2013-05-31,8333,50,17,223,1036,1428,2479,3098,34,7,137,592,796,1272,1151,16,10,86,444,632,1207,1947,488,1176,779,695,846,875,769,1267,856,557
"179",23,2013-06-07,9482,42,19,298,1164,1630,2803,3525,23,11,190,685,950,1414,1341,19,8,108,479,680,1389,2184,502,1256,917,803,1002,1004,870,1525,961,603
"180",24,2013-06-14,8869,57,20,249,1158,1501,2622,3261,36,13,159,686,876,1369,1229,21,7,90,472,625,1253,2032,468,1206,874,735,909,947,865,1318,975,556
"181",25,2013-06-21,8904,57,24,287,1137,1495,2623,3281,32,18,193,670,842,1388,1228,25,6,94,467,653,1235,2053,467,1163,850,757,861,994,866,1381,947,583
"182",26,2013-06-28,8589,39,20,295,1104,1469,2525,3136,23,12,188,673,846,1310,1157,16,8,107,431,623,1215,1979,476,1150,817,696,846,1022,811,1310,906,533
"183",27,2013-07-05,8790,52,16,262,1173,1489,2548,3223,24,7,169,685,861,1336,1211,28,9,93,488,628,1212,2012,449,1190,868,769,894,912,833,1415,926,520
"184",28,2013-07-12,8533,51,26,274,1092,1450,2494,3146,26,15,174,666,859,1294,1232,25,11,100,426,591,1200,1914,413,1212,861,702,902,860,797,1305,914,534
"185",29,2013-07-19,8790,50,17,290,1153,1465,2585,3230,27,11,175,706,885,1367,1170,23,6,115,447,580,1218,2060,480,1130,902,718,969,907,803,1394,958,513
"186",30,2013-07-26,8476,53,14,269,1069,1439,2470,3162,34,6,180,648,821,1287,1109,19,8,89,421,618,1183,2053,426,1173,789,751,852,864,837,1282,922,553
"187",31,2013-08-02,8159,59,20,256,1091,1383,2330,3018,29,12,162,645,807,1210,1091,30,8,94,446,576,1120,1927,395,1121,851,648,853,866,766,1269,853,518
"188",32,2013-08-09,8280,47,11,274,1056,1458,2451,2983,25,10,176,605,854,1327,1119,22,1,98,451,604,1124,1864,417,1123,855,715,828,874,717,1302,911,516
"189",33,2013-08-16,8231,52,22,271,1134,1395,2392,2964,28,9,165,656,819,1260,1089,24,13,106,478,576,1132,1875,461,1133,819,642,849,830,767,1274,904,524
"190",34,2013-08-23,8579,53,20,251,1042,1516,2524,3167,32,10,162,643,876,1263,1200,21,10,89,399,640,1261,1967,447,1171,854,664,902,902,790,1389,909,524
"191",35,2013-08-30,7688,40,15,223,964,1295,2287,2861,17,8,147,548,783,1183,1067,23,7,76,416,512,1104,1794,393,1062,790,647,754,775,754,1164,808,511
"192",36,2013-09-06,8905,52,23,290,1098,1484,2641,3316,34,13,208,634,868,1420,1234,18,10,82,464,616,1221,2082,485,1209,874,747,895,922,810,1355,1003,569
"193",37,2013-09-13,8347,61,19,247,1099,1437,2376,3108,33,8,147,661,878,1284,1147,28,11,100,438,559,1092,1961,438,1105,833,721,881,888,770,1253,888,530
"194",38,2013-09-20,8635,58,18,263,1094,1516,2526,3158,42,8,164,683,889,1347,1158,16,10,99,411,627,1179,2000,450,1145,875,723,842,904,813,1352,953,543
"195",39,2013-09-27,9155,54,18,282,1180,1527,2597,3497,25,11,185,696,891,1323,1280,29,7,97,484,636,1274,2217,469,1277,935,742,930,985,839,1429,960,558
"196",40,2013-10-04,9191,48,16,302,1134,1494,2697,3498,25,5,204,686,850,1425,1333,23,11,98,448,644,1272,2165,526,1251,862,786,910,979,915,1374,972,589
"197",41,2013-10-11,8939,58,18,316,1102,1538,2614,3293,31,9,209,650,907,1406,1233,27,9,107,452,631,1208,2060,481,1186,933,753,915,933,859,1325,971,555
"198",42,2013-10-18,9237,58,18,288,1166,1480,2729,3494,31,12,182,714,884,1452,1232,27,6,106,452,596,1277,2262,504,1231,865,792,937,1033,862,1378,987,594
"199",43,2013-10-25,9236,51,25,274,1131,1482,2651,3621,28,17,186,662,853,1430,1354,23,8,88,469,629,1221,2267,482,1227,876,803,951,943,870,1471,1007,551
"200",44,2013-11-01,9107,53,15,293,1103,1546,2637,3460,27,10,189,651,928,1383,1278,26,5,104,452,618,1254,2182,523,1258,875,769,963,997,835,1336,977,559
"201",45,2013-11-08,9449,65,16,276,1133,1552,2819,3588,38,7,182,680,878,1502,1354,27,9,94,453,674,1317,2234,494,1221,950,765,963,1008,918,1455,1052,591
"202",46,2013-11-15,9583,72,29,316,1222,1528,2775,3641,38,15,212,734,848,1445,1322,34,14,104,488,680,1330,2319,565,1301,954,804,925,1006,922,1428,1044,597
"203",47,2013-11-22,9587,54,18,310,1183,1549,2811,3662,28,7,201,756,922,1466,1356,26,11,109,427,627,1345,2306,503,1357,898,811,992,1003,879,1485,1020,609
"204",48,2013-11-29,9636,66,23,324,1127,1588,2901,3604,41,17,216,678,978,1578,1340,25,6,108,449,610,1323,2264,523,1319,932,803,986,985,882,1500,1054,627
"205",49,2013-12-06,9908,51,23,295,1192,1629,2889,3825,25,13,198,728,948,1522,1466,26,10,97,464,681,1367,2359,486,1307,974,837,1000,1059,895,1605,1102,621
"206",50,2013-12-13,10033,50,19,318,1141,1633,2935,3937,22,8,217,669,934,1554,1484,28,11,101,472,699,1381,2453,478,1426,1038,802,1058,1007,917,1505,1126,654
"207",51,2013-12-20,10335,69,27,375,1280,1614,3017,3951,47,13,245,797,932,1557,1480,22,14,130,483,682,1460,2471,536,1366,1052,901,1091,1067,975,1577,1101,644
"208",52,2013-12-27,6606,41,13,189,796,1060,1890,2617,18,11,120,469,617,993,993,23,2,69,327,443,897,1624,374,925,689,563,616,711,590,1019,692,404
"209",1,2014-01-03,11448,36,16,213,1269,1868,3308,4738,20,12,125,731,1043,1700,1767,16,4,88,538,825,1608,2971,554,1581,1139,952,1212,1164,1129,1739,1208,751
"210",2,2014-01-10,11847,47,25,276,1391,1885,3482,4739,26,17,152,831,1089,1835,1753,21,8,124,560,796,1647,2986,615,1549,1151,989,1304,1297,1103,1897,1187,725
"211",3,2014-01-17,11061,67,15,278,1326,1727,3215,4433,27,6,175,782,1002,1659,1648,40,9,103,544,725,1556,2785,547,1520,1077,894,1181,1183,962,1732,1235,690
"212",4,2014-01-24,10374,48,18,301,1228,1696,3008,4075,29,12,194,742,977,1586,1524,19,6,107,486,719,1422,2551,573,1377,1058,872,1084,1076,982,1589,1118,604
"213",5,2014-01-31,10258,54,21,313,1249,1656,2951,4014,27,11,200,765,980,1555,1439,27,10,113,484,676,1396,2575,550,1385,1020,869,1114,1057,967,1603,1053,622
"214",6,2014-02-07,10147,47,24,303,1246,1566,2937,4021,28,17,193,770,892,1518,1542,19,7,110,476,674,1419,2479,537,1431,976,839,1039,1121,941,1517,1055,655
"215",7,2014-02-14,10198,58,27,328,1196,1652,2959,3966,33,15,218,698,981,1535,1505,25,12,110,498,671,1424,2461,538,1453,999,862,1105,1081,952,1497,1095,590
"216",8,2014-02-21,10427,58,28,310,1191,1634,2985,4220,31,18,200,705,949,1547,1684,27,10,110,486,685,1438,2536,590,1408,1016,864,1024,1118,950,1629,1128,681
"217",9,2014-02-28,10377,70,22,312,1240,1744,2989,4000,34,11,196,718,1043,1588,1427,36,11,116,522,701,1401,2573,526,1428,983,912,1098,1115,982,1608,1071,621
"218",10,2014-03-07,9828,44,20,329,1170,1607,2867,3790,24,11,210,702,922,1478,1407,20,9,119,468,685,1389,2383,536,1342,962,801,1049,1042,949,1495,1026,605
"219",11,2014-03-14,10005,52,26,332,1276,1629,2867,3816,27,8,209,771,959,1454,1396,25,18,123,505,670,1413,2420,522,1400,1000,872,998,1005,985,1487,1086,617
"220",12,2014-03-21,9832,54,15,330,1225,1612,2895,3696,33,9,215,729,955,1479,1391,21,6,115,496,657,1416,2305,516,1312,959,833,1057,997,953,1580,1000,607
"221",13,2014-03-28,9622,76,19,270,1206,1529,2852,3670,39,9,175,722,904,1501,1392,37,10,95,484,625,1351,2278,516,1352,896,836,964,1040,937,1466,978,604
"222",14,2014-04-04,9944,45,18,310,1174,1645,2915,3823,19,10,184,700,961,1568,1465,26,8,126,474,684,1347,2358,562,1354,940,851,1024,1100,969,1484,1018,626
"223",15,2014-04-11,9504,59,23,299,1160,1627,2631,3701,39,15,203,717,922,1402,1421,20,8,96,443,705,1229,2280,502,1279,921,772,1000,985,884,1510,1039,589
"224",16,2014-04-18,8000,49,18,243,951,1344,2362,3029,29,12,153,582,750,1270,1145,20,6,90,369,594,1092,1884,443,1078,775,654,862,876,727,1188,855,527
"225",17,2014-04-25,9359,55,20,277,1087,1573,2801,3544,33,11,178,633,922,1464,1381,22,9,99,454,651,1337,2163,458,1348,919,818,919,950,910,1441,945,634
"226",18,2014-05-02,10527,49,23,356,1283,1722,3043,4049,29,10,220,763,1003,1583,1496,20,13,136,520,719,1460,2553,589,1367,1049,832,1081,1095,975,1670,1159,686
"227",19,2014-05-09,8613,40,17,226,1015,1468,2543,3304,23,10,149,603,886,1362,1264,17,7,77,412,582,1181,2040,456,1163,835,752,860,951,810,1312,944,515
"228",20,2014-05-16,9513,48,20,291,1162,1592,2690,3709,23,12,165,694,940,1420,1386,25,8,126,468,652,1270,2323,482,1235,960,793,1002,1051,887,1511,988,576
"229",21,2014-05-23,9313,65,17,319,1144,1628,2669,3469,38,10,199,701,964,1415,1246,27,7,120,443,664,1254,2223,505,1276,898,745,919,912,946,1416,1066,602
"230",22,2014-05-30,8034,45,21,210,986,1409,2279,3078,29,11,130,591,820,1217,1153,16,10,80,395,589,1062,1925,465,1158,791,686,748,775,804,1261,807,514
"231",23,2014-06-06,9557,56,32,301,1170,1639,2748,3608,36,23,192,698,977,1455,1399,20,9,109,472,662,1293,2209,463,1263,925,826,997,1064,890,1536,979,588
"232",24,2014-06-13,9414,58,22,292,1136,1575,2725,3602,34,18,194,706,918,1481,1392,24,4,98,430,657,1244,2210,471,1282,888,792,982,961,869,1522,1045,574
"233",25,2014-06-20,8946,52,15,313,1144,1472,2663,3287,24,9,194,673,868,1421,1278,28,6,119,471,604,1242,2009,485,1241,826,794,893,1010,825,1341,957,552
"234",26,2014-06-27,8931,51,17,285,1173,1536,2558,3311,23,13,173,719,897,1378,1203,28,4,112,454,639,1180,2108,505,1201,904,774,927,955,839,1314,946,541
"235",27,2014-07-04,8763,38,26,251,1143,1498,2495,3312,21,16,162,682,927,1310,1246,17,10,89,461,571,1185,2066,451,1189,906,748,898,898,807,1391,886,568
"236",28,2014-07-11,8784,44,32,296,1098,1428,2545,3339,20,19,182,677,840,1377,1256,24,13,114,421,588,1168,2083,487,1235,829,771,848,1013,804,1311,912,551
"237",29,2014-07-18,9119,42,24,276,1180,1546,2622,3424,21,12,167,713,924,1383,1295,21,12,109,467,622,1239,2129,514,1242,905,789,927,933,826,1419,930,601
"238",30,2014-07-25,8965,57,19,234,1109,1507,2628,3409,29,12,145,637,888,1374,1266,28,7,89,472,619,1254,2143,477,1220,806,719,897,1006,884,1381,961,590
"239",31,2014-08-01,8916,52,20,312,1114,1520,2556,3339,29,10,203,687,869,1322,1261,23,10,109,427,651,1234,2078,482,1176,870,705,939,970,875,1399,930,545
"240",32,2014-08-08,8755,58,22,248,1155,1455,2514,3302,28,13,164,691,842,1304,1175,30,9,84,464,613,1210,2127,440,1179,854,720,954,917,836,1360,923,545
"241",33,2014-08-15,8792,57,18,293,1151,1420,2533,3318,27,11,190,720,826,1354,1280,30,7,103,431,594,1179,2038,505,1174,862,761,865,943,836,1338,956,526
"242",34,2014-08-22,8769,58,15,268,1128,1453,2515,3332,26,10,170,665,830,1358,1221,32,5,98,463,623,1157,2111,497,1220,877,777,885,920,847,1277,911,526
"243",35,2014-08-29,8027,40,15,246,988,1346,2360,3032,25,12,153,566,761,1212,1162,15,3,93,422,585,1148,1870,468,1149,831,623,824,809,717,1220,848,515
"244",36,2014-09-05,9671,50,13,247,1167,1641,2858,3695,20,7,145,686,992,1498,1348,30,6,102,481,649,1360,2347,530,1299,1003,745,1026,1054,923,1467,1012,582
"245",37,2014-09-12,9284,57,23,300,1146,1487,2701,3570,35,13,203,689,911,1429,1378,22,10,97,457,576,1272,2192,487,1229,899,762,963,999,893,1448,1004,562
"246",38,2014-09-19,9107,57,13,262,1137,1510,2667,3459,37,5,168,665,931,1381,1247,20,8,94,472,579,1286,2212,505,1241,901,747,962,968,873,1315,1005,568
"247",39,2014-09-26,9048,56,17,292,1097,1501,2637,3447,34,11,190,693,911,1364,1266,22,6,102,404,590,1273,2181,525,1171,897,736,941,983,832,1431,936,571
"248",40,2014-10-03,9271,54,22,288,1113,1481,2680,3631,33,15,191,647,828,1420,1379,21,7,97,466,653,1260,2252,525,1261,888,769,969,989,871,1435,967,569
"249",41,2014-10-10,9173,66,21,270,1158,1483,2640,3535,32,9,175,701,854,1383,1358,34,12,95,457,629,1257,2177,568,1187,891,809,975,983,804,1396,958,556
"250",42,2014-10-17,9464,49,19,273,1158,1551,2732,3681,21,10,172,711,912,1447,1390,28,9,101,447,639,1285,2291,498,1290,979,785,920,1023,869,1397,1039,627
"251",43,2014-10-24,9603,56,19,285,1122,1571,2808,3742,30,8,175,676,926,1495,1387,26,11,110,446,645,1313,2355,472,1259,937,775,1014,1024,893,1525,1010,670
"252",44,2014-10-31,9586,51,25,312,1119,1593,2771,3715,34,17,197,649,952,1405,1398,17,8,115,470,641,1366,2317,496,1300,940,782,974,950,1016,1399,1030,673
"253",45,2014-11-07,9753,47,16,289,1153,1537,2875,3834,29,10,183,684,880,1568,1427,18,6,106,469,657,1307,2407,488,1290,960,856,992,1118,884,1541,1020,573
"254",46,2014-11-14,10036,60,12,300,1156,1631,2933,3937,32,4,185,673,980,1529,1467,28,8,115,483,651,1404,2470,523,1395,948,833,1054,1095,973,1571,1024,592
"255",47,2014-11-21,9472,49,16,288,1092,1547,2733,3729,24,8,193,651,919,1440,1398,25,8,95,441,628,1293,2331,471,1261,949,802,963,992,860,1521,999,612
"256",48,2014-11-28,9928,64,18,321,1224,1642,2894,3757,36,8,212,719,956,1515,1413,28,10,109,505,686,1379,2344,517,1330,982,804,1025,1056,995,1578,988,622
"257",49,2014-12-05,10267,62,26,339,1194,1674,2935,4037,35,10,220,743,952,1549,1512,27,16,119,451,722,1386,2525,520,1443,1018,797,1034,1128,1001,1573,1080,650
"258",50,2014-12-12,10550,40,24,300,1202,1715,3085,4180,21,16,208,689,959,1662,1529,19,8,92,513,756,1423,2651,575,1475,1069,899,1065,1080,1016,1541,1076,731
"259",51,2014-12-19,11681,50,24,285,1258,1835,3279,4950,23,15,184,750,1100,1679,1856,27,9,101,508,735,1600,3094,633,1591,1176,1003,1204,1215,1139,1707,1266,723
"260",52,2014-12-26,7837,37,16,189,782,1238,2247,3327,22,10,128,447,690,1145,1205,15,6,61,335,548,1102,2122,438,1101,833,660,743,804,773,1155,812,503
"261",1,2015-01-02,12286,56,16,198,1229,1845,3548,5392,29,9,108,689,1042,1865,1915,27,7,90,540,803,1683,3477,699,1718,1261,1012,1296,1221,1233,1811,1272,725
"262",2,2015-01-09,16237,80,28,298,1552,2387,4505,7387,45,15,192,912,1347,2306,2596,35,13,106,640,1040,2199,4791,753,2282,1607,1328,1713,1712,1549,2525,1697,1031
"263",3,2015-01-16,14866,46,28,316,1393,2107,4191,6785,25,13,212,813,1205,2104,2443,21,15,104,580,902,2087,4342,799,1968,1442,1286,1542,1657,1275,2427,1498,936
"264",4,2015-01-23,13934,61,20,318,1387,2019,3964,6165,34,15,211,837,1105,2030,2215,27,5,107,550,914,1934,3950,798,1806,1386,1206,1400,1565,1220,2196,1510,828
"265",5,2015-01-30,12900,66,20,329,1368,1869,3685,5563,42,11,215,799,1100,1908,1986,24,9,114,569,769,1777,3577,717,1669,1220,1119,1395,1450,1119,1991,1398,801
"266",6,2015-02-06,12039,66,30,286,1280,1774,3425,5178,37,18,173,753,1052,1821,1912,29,12,113,527,722,1604,3266,669,1586,1151,1071,1229,1360,1097,1843,1297,720
"267",7,2015-02-13,11822,66,18,312,1281,1798,3398,4949,31,13,204,749,1059,1826,1850,35,5,108,532,739,1572,3099,661,1608,1128,1021,1161,1284,1108,1836,1283,710
"268",8,2015-02-20,11434,47,18,303,1225,1714,3309,4817,25,7,187,733,973,1713,1809,22,11,116,492,741,1596,3008,669,1466,1068,965,1152,1276,1102,1713,1257,739
"269",9,2015-02-27,11472,48,25,296,1267,1749,3355,4731,28,14,184,760,997,1749,1749,20,11,112,507,752,1606,2982,606,1466,1113,973,1149,1286,1062,1767,1290,736
"270",10,2015-03-06,11469,44,19,291,1225,1850,3279,4759,29,11,181,763,1087,1689,1696,15,8,110,462,763,1590,3063,622,1559,1106,966,1188,1232,1063,1709,1290,712
"271",11,2015-03-13,10951,38,17,272,1228,1725,3122,4547,27,7,158,707,981,1623,1590,11,10,114,521,744,1499,2957,573,1462,1040,904,1101,1172,1070,1731,1219,661
"272",12,2015-03-20,10568,44,20,302,1254,1621,3029,4298,17,15,194,755,929,1570,1600,27,5,108,499,692,1459,2698,566,1401,982,872,1083,1158,1092,1531,1192,680
"273",13,2015-03-27,10493,45,21,286,1181,1650,3020,4289,29,11,177,709,926,1576,1595,16,10,109,472,724,1444,2694,512,1392,1032,891,1071,1098,1080,1566,1164,666
"274",14,2015-04-03,9062,47,17,214,976,1405,2642,3760,27,12,137,589,819,1364,1410,20,5,77,387,586,1278,2350,490,1251,841,784,980,971,877,1352,920,580
"275",15,2015-04-10,10089,57,18,271,1133,1601,2913,4096,39,10,160,667,921,1477,1560,18,8,111,466,680,1436,2536,533,1384,1023,917,994,1062,1002,1488,1005,660
"276",16,2015-04-17,11639,47,22,321,1342,1849,3323,4735,24,17,209,803,1095,1721,1757,23,5,112,539,754,1602,2978,626,1521,1103,999,1294,1289,1089,1810,1212,671
"277",17,2015-04-24,10599,56,20,298,1274,1682,3061,4206,36,12,197,759,978,1620,1523,20,8,101,515,704,1441,2683,601,1405,1009,889,1115,1050,1000,1708,1129,662
"278",18,2015-05-01,10134,55,21,277,1162,1628,2928,4040,36,11,176,696,962,1574,1511,19,10,101,466,666,1354,2529,516,1385,950,856,1053,1112,961,1530,1110,628
"279",19,2015-05-08,8862,35,19,224,954,1499,2625,3505,18,11,156,554,890,1417,1316,17,8,68,400,609,1208,2189,503,1166,895,748,949,910,827,1343,901,589
"280",20,2015-05-15,10290,50,20,309,1227,1703,2998,3983,32,11,207,714,1024,1565,1502,18,9,102,513,679,1433,2481,544,1404,1038,890,1057,1099,949,1552,1100,622
"281",21,2015-05-22,10005,57,14,304,1176,1680,2926,3839,35,7,198,705,987,1605,1419,22,7,106,471,693,1321,2420,514,1367,989,870,1018,989,906,1587,1122,614
"282",22,2015-05-29,8213,53,22,213,1014,1365,2464,3082,34,11,125,595,791,1303,1184,19,11,88,419,574,1161,1898,457,1116,866,663,844,838,793,1216,816,588
"283",23,2015-06-05,10157,48,23,295,1224,1692,2895,3968,24,17,175,732,986,1485,1450,24,6,120,492,706,1410,2518,472,1337,1024,865,1042,1150,961,1538,1094,648
"284",24,2015-06-12,9548,52,10,270,1188,1586,2781,3660,35,5,165,722,934,1475,1391,17,5,105,466,652,1306,2269,528,1262,953,817,975,997,880,1483,1022,606
"285",25,2015-06-19,9312,54,22,279,1163,1536,2652,3602,38,13,181,695,872,1332,1372,16,9,98,468,664,1320,2230,459,1248,896,757,943,1020,892,1496,983,595
"286",26,2015-06-26,9190,51,19,298,1135,1573,2682,3425,31,10,188,700,945,1439,1297,20,9,110,435,628,1243,2128,514,1254,916,756,927,998,887,1396,916,597
"287",27,2015-07-03,9205,49,19,288,1065,1615,2560,3603,30,10,207,619,909,1301,1372,19,9,81,446,706,1259,2231,489,1293,868,750,964,977,901,1382,1017,535
"288",28,2015-07-10,9015,65,18,272,1151,1548,2568,3393,29,9,190,682,909,1403,1313,36,9,82,469,639,1165,2080,491,1238,851,817,941,939,842,1370,949,554
"289",29,2015-07-17,8802,58,14,268,1128,1438,2486,3405,34,6,155,688,828,1323,1293,24,8,113,440,610,1163,2112,466,1127,855,781,882,952,881,1320,933,574
"290",30,2015-07-24,8791,57,14,288,1096,1583,2520,3233,38,10,177,651,912,1346,1249,19,4,111,445,671,1174,1984,459,1196,846,734,938,934,833,1382,905,529
"291",31,2015-07-31,8617,51,20,299,1084,1446,2493,3223,30,12,183,627,839,1350,1195,21,8,116,457,607,1143,2028,437,1195,846,715,917,941,780,1217,1000,546
"292",32,2015-08-07,8862,54,21,264,1095,1471,2576,3379,25,13,186,680,886,1349,1340,29,8,78,415,585,1227,2039,462,1227,953,664,913,908,858,1388,895,564
"293",33,2015-08-14,9148,51,15,286,1169,1523,2577,3525,35,10,185,715,893,1365,1339,16,5,101,454,630,1212,2186,458,1250,888,792,950,1014,879,1370,974,548
"294",34,2015-08-21,9121,66,21,298,1159,1543,2655,3379,33,14,194,667,896,1434,1289,33,7,104,492,647,1221,2090,475,1223,915,747,969,943,901,1364,1000,557
"295",35,2015-08-28,9026,54,11,314,1100,1530,2621,3393,37,8,204,668,879,1372,1271,17,3,110,432,651,1249,2122,445,1262,896,797,834,981,855,1358,967,603
"296",36,2015-09-04,7878,48,12,224,981,1318,2310,2985,27,7,148,612,778,1219,1165,21,5,76,369,540,1091,1820,438,1044,772,663,774,856,803,1188,825,489
"297",37,2015-09-11,9258,54,14,278,1177,1537,2571,3623,25,5,175,678,917,1396,1396,29,9,103,499,620,1175,2227,471,1262,931,814,932,922,867,1423,1065,554
"298",38,2015-09-18,9097,40,18,287,1098,1549,2627,3478,25,10,182,680,889,1394,1273,15,8,105,418,660,1233,2205,462,1175,852,748,973,942,901,1448,1020,555
"299",39,2015-09-25,9529,56,15,295,1156,1531,2791,3682,29,11,184,704,922,1475,1399,27,4,111,452,609,1316,2283,476,1267,922,795,969,981,917,1540,975,664
"300",40,2015-10-02,9410,65,18,299,1133,1569,2636,3690,35,8,184,680,896,1411,1400,30,10,115,453,673,1225,2290,495,1260,908,814,957,984,918,1419,1086,552
"301",41,2015-10-09,9776,43,13,297,1196,1599,2820,3807,22,7,183,711,931,1471,1416,21,6,114,485,668,1349,2391,505,1283,915,821,951,1105,976,1457,1076,652
"302",42,2015-10-16,9511,59,26,256,1133,1585,2781,3668,38,12,177,678,937,1464,1410,21,14,79,455,648,1317,2258,494,1291,895,809,997,1030,912,1402,1039,612
"303",43,2015-10-23,9711,60,22,292,1158,1603,2786,3789,37,12,188,706,943,1496,1479,23,10,104,452,660,1290,2310,480,1276,951,835,1053,1022,921,1461,1079,607
"304",44,2015-10-30,9618,50,14,277,1137,1565,2671,3879,23,8,185,695,914,1414,1476,27,6,92,442,651,1257,2403,523,1299,886,814,967,1030,969,1506,1003,593
"305",45,2015-11-06,9994,48,24,304,1275,1654,2853,3826,22,9,200,760,956,1454,1405,26,15,104,515,698,1399,2421,524,1409,1014,883,1084,1011,955,1482,1002,606
"306",46,2015-11-13,9938,53,26,261,1258,1607,2804,3926,34,15,179,795,980,1499,1479,19,11,82,463,627,1305,2447,530,1376,960,767,1027,1018,993,1544,1081,613
"307",47,2015-11-20,9830,56,21,295,1172,1648,2835,3802,35,15,202,720,950,1554,1445,21,6,93,452,698,1281,2357,527,1317,937,844,1071,1043,966,1470,1019,611
"308",48,2015-11-27,9822,33,21,317,1219,1621,2759,3850,19,11,206,719,922,1510,1445,14,10,111,500,699,1249,2405,512,1322,994,844,990,1066,915,1536,1037,589
"309",49,2015-12-04,10365,59,25,295,1216,1707,3003,4056,40,14,194,711,1021,1558,1572,19,11,101,505,686,1445,2484,534,1425,1012,919,1087,1065,998,1522,1127,659
"310",50,2015-12-11,10269,37,25,286,1196,1632,2928,4153,14,10,192,722,916,1562,1552,23,15,94,474,716,1366,2601,540,1400,1050,915,1006,1018,985,1536,1102,688
"311",51,2015-12-18,10689,66,28,365,1255,1782,3023,4169,37,10,234,726,1036,1602,1502,29,18,131,529,746,1421,2667,618,1526,1060,897,1101,1086,990,1656,1089,646
"312",52,2015-12-25,8630,49,26,246,1010,1387,2451,3461,33,7,151,625,797,1260,1315,16,19,95,385,590,1191,2146,480,1167,891,707,826,916,870,1347,877,535
"313",53,2016-01-01,7524,39,12,146,882,1259,2197,2988,25,6,85,510,737,1139,1185,14,6,61,372,522,1058,1803,407,1074,755,646,799,653,766,1123,757,516
"314",1,2016-01-08,13045,49,17,299,1482,2179,3727,5292,31,10,178,867,1246,1897,1982,18,7,121,615,933,1830,3310,705,1748,1284,1067,1396,1401,1226,1951,1424,809
"315",2,2016-01-15,11501,64,24,326,1363,1925,3283,4512,36,14,221,812,1159,1709,1656,28,10,105,551,766,1574,2856,600,1532,1148,956,1208,1237,1048,1771,1263,711
"316",3,2016-01-22,11473,50,18,345,1293,1831,3327,4606,32,8,238,791,1079,1734,1750,18,10,107,502,752,1593,2856,612,1602,1119,929,1209,1253,1068,1710,1219,720
"317",4,2016-01-29,11317,47,14,324,1322,1859,3147,4599,25,8,217,773,1069,1643,1754,22,6,107,549,790,1504,2845,631,1516,1131,858,1195,1236,1065,1730,1207,717
"318",5,2016-02-05,11052,60,22,314,1281,1779,3181,4405,35,14,203,767,1040,1683,1655,25,8,111,514,739,1498,2750,620,1459,1109,954,1197,1160,1059,1604,1169,690
"319",6,2016-02-12,11170,60,21,331,1356,1826,3058,4502,36,12,203,782,1062,1639,1666,24,9,128,574,764,1419,2836,599,1466,1066,917,1262,1155,1040,1718,1222,700
"320",7,2016-02-19,10590,52,22,305,1333,1720,2982,4175,27,14,196,803,1015,1616,1577,25,8,109,530,705,1366,2598,588,1443,1083,881,1088,1057,999,1596,1171,657
"321",8,2016-02-26,11056,58,20,267,1294,1774,3127,4516,34,13,176,733,995,1650,1707,24,7,91,561,779,1477,2809,582,1497,1115,930,1087,1180,1021,1707,1215,696
"322",9,2016-03-04,11285,39,21,318,1328,1864,3180,4533,22,13,212,799,1024,1709,1745,17,8,106,529,840,1471,2788,582,1505,1107,913,1144,1240,1093,1742,1218,721
"323",10,2016-03-11,11010,54,22,273,1340,1755,3171,4390,27,10,172,795,1030,1713,1711,27,12,101,545,725,1458,2679,569,1525,1097,911,1104,1190,1008,1694,1148,734
"324",11,2016-03-18,11022,55,22,295,1358,1781,3070,4434,31,10,194,835,1048,1596,1705,24,12,101,523,733,1474,2729,552,1460,1102,917,1136,1143,1058,1595,1292,738
"325",12,2016-03-25,9635,55,18,247,1148,1567,2713,3878,32,13,157,683,898,1437,1482,23,5,90,465,669,1276,2396,474,1331,937,809,891,923,900,1542,1122,668
"326",13,2016-04-01,10286,49,15,264,1184,1698,2992,4079,26,10,171,662,941,1550,1583,23,5,93,522,757,1442,2496,578,1362,968,859,942,1079,1039,1611,1104,712
"327",14,2016-04-08,11599,53,15,306,1327,1941,3238,4719,34,7,201,768,1109,1738,1743,19,8,105,559,832,1500,2976,606,1514,1128,911,1232,1190,1111,1828,1319,742
"328",15,2016-04-15,11417,63,18,311,1312,1927,3166,4617,32,10,189,774,1137,1688,1789,31,8,122,538,790,1478,2828,594,1572,1105,900,1183,1217,1007,1785,1282,738
"329",16,2016-04-22,10925,65,24,319,1292,1816,3085,4324,40,15,208,766,1039,1613,1647,25,9,111,526,777,1472,2677,539,1470,1008,908,1134,1189,999,1683,1250,714
"330",17,2016-04-29,10413,43,22,327,1301,1694,2927,4098,22,14,212,792,1003,1534,1548,21,8,115,509,691,1393,2550,571,1371,1014,857,1065,1147,969,1634,1128,629
"331",18,2016-05-06,9137,55,23,348,1075,1490,2583,3559,34,15,249,629,870,1410,1367,21,8,99,446,620,1173,2192,495,1280,941,703,929,954,876,1365,994,569
"332",19,2016-05-13,10637,49,19,308,1277,1768,2994,4218,36,5,195,743,1057,1563,1673,13,14,113,534,711,1431,2545,547,1420,1055,914,1069,1190,971,1646,1143,652
"333",20,2016-05-20,9953,61,21,328,1149,1686,2855,3853,34,12,209,687,960,1532,1464,27,9,119,462,726,1323,2389,533,1327,927,862,1013,1147,884,1534,1092,611
"334",21,2016-05-27,9739,63,19,326,1185,1681,2697,3767,36,10,205,716,957,1441,1417,27,9,121,469,724,1256,2350,484,1300,936,826,995,1103,884,1489,1082,624
"335",22,2016-06-03,7909,35,19,214,963,1445,2253,2980,16,9,128,546,827,1188,1180,19,10,86,417,618,1065,1800,431,1138,814,680,776,790,710,1242,817,500
"336",23,2016-06-10,9873,58,21,268,1181,1613,2875,3857,28,10,167,694,923,1535,1466,30,11,101,487,690,1340,2391,542,1306,1038,839,1011,1119,939,1468,1004,584
"337",24,2016-06-17,9386,49,22,255,1195,1604,2703,3556,28,13,174,725,931,1463,1367,21,9,81,470,673,1240,2189,473,1252,923,858,981,1037,858,1410,993,578
"338",25,2016-06-24,9365,57,15,295,1161,1549,2659,3625,29,9,192,675,909,1443,1454,28,6,103,486,640,1216,2171,528,1272,925,804,1015,966,831,1408,1039,558
"339",26,2016-07-01,9228,46,13,303,1192,1570,2573,3530,26,9,204,701,897,1369,1280,20,4,99,491,673,1204,2250,488,1157,936,801,954,971,880,1497,964,549
"340",27,2016-07-08,9138,49,18,287,1176,1552,2567,3489,30,9,175,698,917,1359,1334,19,9,112,478,635,1208,2155,507,1269,910,770,956,950,796,1407,1031,524
"341",28,2016-07-15,9388,54,15,279,1153,1634,2649,3603,33,8,186,683,964,1395,1336,21,7,93,470,670,1254,2267,485,1242,948,784,943,1054,798,1463,1052,599
"342",29,2016-07-22,9350,55,18,282,1115,1586,2638,3650,37,9,192,667,936,1459,1414,18,9,90,448,650,1179,2236,538,1295,877,830,914,988,847,1443,1023,560
"343",30,2016-07-29,9335,39,15,312,1074,1567,2641,3683,20,8,203,630,924,1433,1389,19,7,109,444,643,1208,2294,476,1223,910,762,923,1013,940,1414,1027,610
"344",31,2016-08-05,9182,56,19,276,1171,1542,2588,3524,29,11,187,690,923,1416,1302,27,8,89,481,619,1172,2222,467,1316,879,739,983,1004,822,1311,1052,580
"345",32,2016-08-12,9172,57,15,277,1183,1552,2557,3520,37,9,172,738,902,1364,1288,20,6,105,445,650,1193,2232,492,1244,886,780,941,1031,801,1346,974,641
"346",33,2016-08-19,9070,42,17,276,1078,1610,2624,3423,26,10,191,653,946,1383,1324,16,7,85,425,664,1241,2099,476,1279,887,742,951,1005,831,1317,983,574
"347",34,2016-08-26,9319,48,16,241,1104,1577,2680,3652,23,4,157,699,899,1480,1395,25,12,84,405,678,1200,2257,499,1250,860,793,1039,991,822,1419,1000,619
"348",35,2016-09-02,7923,43,14,228,968,1415,2233,3020,21,9,135,564,825,1204,1196,22,5,93,404,590,1029,1824,398,1114,800,626,764,877,795,1251,797,470
"349",36,2016-09-09,9399,48,23,283,1161,1562,2659,3661,30,17,185,710,944,1398,1345,18,6,98,451,618,1261,2316,478,1312,942,844,974,981,873,1384,1033,552
"350",37,2016-09-16,9124,56,15,265,1170,1583,2628,3406,27,6,153,690,900,1397,1338,29,9,112,480,683,1231,2068,491,1222,914,736,898,998,839,1433,988,576
"351",38,2016-09-23,8945,58,15,264,1132,1548,2564,3364,30,11,173,670,910,1404,1251,28,4,91,462,638,1160,2113,435,1230,890,730,892,979,854,1399,941,563
"352",39,2016-09-30,8994,53,15,297,1151,1549,2506,3422,22,7,194,697,925,1327,1350,31,8,103,454,624,1179,2072,481,1219,856,787,971,879,852,1345,987,592
"353",40,2016-10-07,9291,57,21,275,1115,1647,2641,3531,30,8,176,637,992,1385,1381,27,13,99,478,655,1256,2150,465,1331,907,777,938,945,863,1456,1024,562
"354",41,2016-10-14,9719,72,14,272,1145,1633,2746,3835,41,6,183,674,961,1444,1508,31,8,89,471,672,1302,2327,520,1328,940,791,966,1069,919,1524,1056,587
"355",42,2016-10-21,9768,50,21,276,1158,1652,2724,3887,25,9,178,687,965,1485,1488,25,12,98,471,687,1239,2399,511,1322,919,831,977,1020,931,1542,1078,624
"356",43,2016-10-28,9724,58,16,271,1239,1567,2800,3773,25,11,170,741,908,1494,1472,33,5,101,498,659,1306,2301,530,1401,914,850,966,1034,860,1472,1043,624
"357",44,2016-11-04,10152,52,21,281,1186,1723,2833,4056,31,11,188,670,1011,1451,1598,21,10,93,516,712,1382,2458,535,1351,1041,850,1013,1048,904,1630,1114,644
"358",45,2016-11-11,10470,54,15,278,1279,1709,2954,4178,28,6,187,730,1021,1576,1565,26,9,91,549,688,1378,2613,546,1390,1017,889,1045,1127,976,1691,1139,626
"359",46,2016-11-18,10694,57,26,355,1225,1703,2992,4332,31,18,250,709,1001,1566,1730,26,8,105,516,702,1426,2602,547,1513,1025,892,1117,1184,941,1605,1154,681
"360",47,2016-11-25,10603,49,26,284,1226,1716,3062,4239,27,12,174,734,1013,1621,1616,22,14,110,492,703,1441,2623,536,1432,1022,887,1090,1131,987,1679,1154,661
"361",48,2016-12-02,10439,58,15,345,1191,1752,2961,4116,35,8,225,692,984,1557,1574,23,7,120,499,768,1404,2542,550,1491,973,888,1076,1176,936,1578,1112,643
"362",49,2016-12-09,11223,57,28,310,1266,1808,3176,4578,29,13,202,749,1019,1676,1738,28,15,108,517,789,1500,2840,589,1529,1193,932,1164,1212,1029,1658,1201,693
"363",50,2016-12-16,10533,72,22,281,1219,1675,2943,4316,36,16,180,748,979,1500,1595,36,6,101,471,696,1443,2721,561,1444,1036,893,1098,1107,933,1634,1145,663
"364",51,2016-12-23,11493,56,16,339,1253,1927,3170,4725,30,6,218,754,1057,1682,1796,26,10,121,499,870,1488,2929,679,1594,1097,981,1149,1207,1052,1784,1223,691
"365",52,2016-12-30,8003,41,7,178,849,1269,2294,3364,24,5,99,451,738,1229,1288,17,2,79,398,531,1065,2076,456,1087,794,759,715,774,761,1236,846,558
"366",1,2017-01-06,11991,58,18,215,1232,1880,3450,5136,32,9,143,718,1070,1803,1907,26,9,72,514,810,1647,3229,602,1665,1208,1016,1243,1187,1173,1899,1228,744
"367",2,2017-01-13,13715,56,18,287,1372,2149,3886,5947,33,10,199,819,1237,2015,2230,23,8,88,553,912,1871,3717,738,1840,1351,1170,1439,1450,1296,2161,1419,825
"368",3,2017-01-20,13610,54,19,301,1374,2132,3701,6029,28,10,183,837,1202,1902,2282,26,9,118,537,930,1799,3747,676,1786,1383,1190,1414,1484,1276,2195,1346,835
"369",4,2017-01-27,12877,52,16,286,1273,1946,3652,5652,28,7,189,763,1164,1893,2074,24,9,97,510,782,1759,3578,627,1666,1242,1116,1362,1488,1198,1999,1278,881
"370",5,2017-02-03,12485,55,14,308,1239,1930,3509,5430,27,8,209,751,1149,1854,2059,28,6,99,488,781,1655,3371,631,1625,1243,1045,1293,1384,1210,1920,1359,749
"371",6,2017-02-10,12269,57,17,293,1342,1940,3483,5129,29,9,196,825,1136,1754,1887,28,8,97,517,804,1729,3242,635,1566,1224,1036,1234,1411,1161,1916,1339,723
"372",7,2017-02-17,11644,49,18,295,1316,1811,3242,4913,33,10,176,794,1071,1719,1884,16,8,119,522,740,1523,3029,610,1528,1186,964,1243,1253,1095,1847,1217,690
"373",8,2017-02-24,11794,47,20,286,1298,1816,3214,5112,26,8,173,754,1031,1680,1923,21,12,113,544,785,1534,3189,636,1519,1159,954,1216,1327,1114,1834,1312,701
"374",9,2017-03-03,11248,53,22,254,1252,1823,3142,4699,32,14,153,733,1039,1646,1768,21,8,101,519,784,1496,2931,606,1488,1123,963,1184,1328,930,1673,1221,715
"375",10,2017-03-10,11077,54,17,316,1240,1756,3086,4608,29,5,211,748,1045,1636,1760,25,12,105,492,711,1450,2848,570,1464,1110,1038,1163,1230,969,1738,1144,634
"376",11,2017-03-17,10697,59,7,274,1260,1722,3015,4360,38,4,171,744,996,1573,1672,21,3,103,516,726,1442,2688,581,1450,1121,963,1140,1150,946,1593,1083,653
"377",12,2017-03-24,10325,55,13,268,1256,1739,2940,4054,27,7,174,762,1000,1612,1512,28,6,94,494,739,1328,2542,535,1364,1065,947,1034,1134,930,1557,1107,635
"378",13,2017-03-31,10027,65,20,307,1202,1656,2838,3939,32,12,196,705,969,1519,1455,33,8,111,497,687,1319,2484,509,1313,1045,870,1024,1109,888,1520,1064,658
"379",14,2017-04-07,9939,59,21,277,1181,1705,2748,3947,35,8,186,701,1005,1491,1565,24,13,91,480,700,1257,2382,523,1373,929,835,1048,1056,905,1522,1075,642
"380",15,2017-04-14,8493,38,20,235,1003,1468,2397,3330,20,8,145,634,849,1255,1250,18,12,90,369,619,1142,2080,410,1217,795,708,868,918,801,1316,863,577
"381",16,2017-04-21,9644,68,19,280,1130,1585,2834,3721,39,13,172,658,943,1529,1423,29,6,108,472,642,1305,2298,517,1362,1010,812,978,996,896,1409,984,654
"382",17,2017-04-28,10908,70,20,273,1315,1822,3132,4276,41,10,167,784,1104,1687,1655,29,10,106,531,718,1445,2621,583,1495,1053,882,1125,1137,1053,1678,1159,727
"383",18,2017-05-05,9064,44,18,268,1035,1529,2557,3613,25,11,167,648,892,1345,1441,19,7,101,387,637,1212,2172,479,1279,872,803,902,956,804,1356,997,600
"384",19,2017-05-12,10693,41,23,323,1275,1813,3019,4196,22,11,192,752,1088,1631,1657,19,12,131,523,725,1388,2539,551,1368,1053,988,1059,1153,970,1685,1155,687
"385",20,2017-05-19,10288,38,18,291,1320,1794,2854,3973,20,10,192,787,1061,1506,1503,18,8,99,533,733,1348,2470,553,1329,1030,817,1079,1124,914,1639,1161,615
"386",21,2017-05-26,10040,71,21,307,1187,1722,2744,3983,40,10,192,737,1022,1448,1553,31,11,115,450,700,1296,2430,519,1349,936,802,1088,1118,953,1526,1118,602
"387",22,2017-06-02,8332,49,12,223,995,1475,2361,3217,29,9,141,604,864,1260,1204,20,3,82,391,611,1101,2013,408,1208,818,726,849,813,787,1217,897,586
"388",23,2017-06-09,9766,57,27,308,1227,1632,2785,3727,37,20,203,746,950,1486,1477,20,7,105,481,682,1299,2250,514,1311,950,841,1060,1016,876,1527,1066,584
"389",24,2017-06-16,9367,60,20,259,1188,1663,2554,3619,30,12,172,726,949,1372,1400,30,8,87,462,714,1182,2219,499,1272,918,819,1016,990,829,1380,1015,599
"390",25,2017-06-23,9627,65,17,300,1175,1570,2715,3785,36,12,194,698,905,1490,1465,29,5,106,477,665,1225,2320,509,1328,901,841,991,991,902,1473,1058,608
"391",26,2017-06-30,9334,54,13,275,1121,1656,2676,3536,36,7,166,672,982,1405,1314,18,6,109,449,674,1271,2222,451,1174,914,804,996,1028,903,1456,1038,546
"392",27,2017-07-07,9263,60,23,293,1202,1622,2584,3477,33,15,182,731,984,1397,1391,27,8,111,471,638,1187,2086,495,1278,904,802,985,1010,820,1395,996,556
"393",28,2017-07-14,9376,56,23,270,1144,1660,2694,3528,30,11,158,690,982,1446,1398,26,12,112,454,678,1248,2130,502,1225,953,862,973,1005,843,1393,1031,564
"394",29,2017-07-21,9113,64,19,331,1210,1541,2531,3415,31,12,224,727,938,1331,1358,33,7,107,483,603,1200,2057,514,1196,856,809,947,970,867,1389,979,551
"395",30,2017-07-28,8882,37,15,280,1184,1539,2439,3388,20,10,170,704,931,1289,1304,17,5,110,480,608,1150,2084,456,1174,881,738,941,949,783,1381,963,586
"396",31,2017-08-04,8941,47,12,269,1131,1510,2542,3427,27,6,170,700,887,1356,1304,20,6,99,431,623,1186,2123,507,1192,891,784,911,955,792,1345,946,590
"397",32,2017-08-11,9038,55,17,257,1141,1580,2620,3368,26,8,179,685,946,1393,1326,29,9,78,456,634,1227,2042,479,1171,882,772,943,1005,858,1346,982,572
"398",33,2017-08-18,9299,50,20,293,1146,1568,2601,3617,27,11,196,678,927,1381,1414,23,9,97,468,641,1220,2203,464,1260,849,747,936,1018,929,1481,998,592
"399",34,2017-08-25,9382,51,11,286,1095,1549,2667,3723,29,9,182,665,894,1439,1452,22,2,104,430,655,1228,2271,482,1299,848,783,966,1002,907,1502,1001,570
"400",35,2017-09-01,8149,45,18,211,997,1448,2279,3148,26,6,126,611,845,1222,1221,19,12,85,386,603,1057,1927,434,1117,836,667,780,853,766,1205,908,555
"401",36,2017-09-08,9497,53,17,273,1190,1613,2644,3703,34,11,197,690,968,1432,1451,19,6,76,500,645,1212,2252,512,1307,921,808,1017,1066,866,1445,993,542
"402",37,2017-09-15,9454,48,18,277,1207,1641,2628,3634,23,12,189,707,949,1432,1452,25,6,88,500,692,1196,2182,539,1285,877,758,1001,990,871,1493,1006,609
"403",38,2017-09-22,9534,49,21,294,1157,1614,2623,3776,29,13,196,694,944,1426,1488,20,8,98,463,670,1197,2288,504,1221,919,814,978,1096,900,1422,1074,585
"404",39,2017-09-29,9689,45,27,243,1160,1686,2698,3830,21,16,161,669,952,1438,1532,24,11,82,491,734,1260,2298,507,1305,957,782,990,1071,882,1468,1109,593
"405",40,2017-10-06,9778,66,20,284,1171,1677,2677,3881,38,10,192,672,964,1403,1568,28,10,92,499,713,1274,2313,501,1289,946,818,1003,1057,923,1521,1063,631
"406",41,2017-10-13,9940,48,11,245,1185,1678,2846,3926,27,5,149,706,965,1534,1519,21,6,96,479,713,1312,2407,513,1340,1011,827,1001,1085,928,1497,1068,640
"407",42,2017-10-20,10031,62,13,293,1165,1731,2836,3929,30,7,191,717,1022,1504,1545,32,6,102,448,709,1332,2384,550,1359,1019,806,997,1056,934,1541,1098,650
"408",43,2017-10-27,9739,54,25,269,1166,1658,2765,3802,34,14,168,712,975,1452,1494,20,11,101,454,683,1313,2308,509,1375,903,743,1058,1037,931,1539,1020,608
"409",44,2017-11-03,9984,40,18,288,1243,1659,2875,3860,30,14,181,737,977,1563,1454,10,4,107,506,682,1312,2406,536,1356,1006,850,1014,1129,897,1473,1105,595
"410",45,2017-11-10,10346,47,20,322,1251,1734,2889,4081,26,14,212,736,1057,1583,1608,21,6,110,515,677,1306,2473,510,1365,1042,931,1117,1132,931,1572,1117,598
"411",46,2017-11-17,10275,48,9,308,1242,1682,2901,4084,26,8,208,723,963,1557,1616,22,1,100,519,719,1344,2468,502,1381,1027,898,1096,1091,949,1539,1103,666
"412",47,2017-11-24,10621,50,20,310,1308,1728,2962,4234,24,11,220,763,1016,1596,1624,26,9,90,545,712,1366,2610,550,1419,1089,862,1080,1148,1038,1623,1151,639
"413",48,2017-12-01,10538,56,21,295,1216,1737,2945,4266,33,10,200,735,991,1585,1633,23,11,95,481,746,1360,2633,562,1453,1045,878,1065,1168,972,1608,1123,636
"414",49,2017-12-08,10781,58,20,268,1224,1761,3027,4423,38,13,168,760,1029,1619,1736,20,7,100,464,732,1408,2687,612,1538,1013,970,1066,1139,1008,1649,1140,630
"415",50,2017-12-15,11217,39,19,267,1282,1776,3176,4658,23,10,173,753,1048,1690,1791,16,9,94,529,728,1486,2867,595,1509,1048,971,1128,1226,1042,1765,1204,708
"416",51,2017-12-22,12517,52,20,307,1397,1995,3523,5220,25,10,188,849,1114,1796,2004,27,10,119,548,881,1727,3216,719,1709,1181,1039,1318,1322,1153,1961,1332,762
"417",52,2017-12-29,8487,23,18,172,895,1275,2444,3654,15,12,97,529,665,1289,1410,8,6,75,366,610,1155,2244,500,1194,840,685,844,878,814,1305,863,541
"418",1,2018-01-05,12723,52,18,208,1290,1976,3612,5565,32,11,118,748,1120,1865,2080,20,7,90,542,856,1747,3485,640,1747,1300,1085,1313,1404,1130,1902,1393,783
"419",2,2018-01-12,15050,73,17,302,1561,2321,4155,6621,42,5,186,918,1347,2120,2499,31,12,116,643,974,2035,4122,837,2113,1481,1266,1468,1677,1342,2371,1552,904
"420",3,2018-01-19,14256,59,22,286,1507,2191,3866,6325,33,12,185,888,1268,2009,2390,26,10,101,619,923,1857,3935,783,1828,1387,1175,1544,1562,1239,2287,1535,885
"421",4,2018-01-26,13935,50,25,298,1459,2157,3824,6122,26,18,219,889,1273,1978,2264,24,7,79,570,884,1846,3858,779,1855,1363,1165,1433,1553,1264,2184,1460,850
"422",5,2018-02-02,13285,41,14,339,1404,1988,3661,5838,24,8,216,809,1186,1960,2204,17,6,123,595,802,1701,3634,740,1728,1285,1154,1441,1468,1208,2046,1382,815
"423",6,2018-02-09,12495,45,23,293,1347,2032,3376,5374,26,13,190,816,1183,1786,2043,19,10,103,531,849,1590,3331,663,1615,1206,1109,1335,1359,1041,1867,1378,801
"424",7,2018-02-16,12246,48,17,318,1377,1953,3492,5041,24,11,196,836,1168,1851,1999,24,6,122,541,785,1641,3042,612,1665,1230,1024,1285,1307,1171,1810,1283,803
"425",8,2018-02-23,12142,26,13,294,1378,1896,3398,5137,18,7,206,840,1067,1731,1915,8,6,88,538,829,1667,3222,671,1677,1196,1034,1251,1300,1105,1757,1314,789
"426",9,2018-03-02,10854,45,11,254,1229,1728,3028,4559,25,6,168,745,998,1579,1751,20,5,86,484,730,1449,2808,551,1485,1125,907,1308,1088,1060,1611,997,634
"427",10,2018-03-09,12997,47,27,287,1362,2019,3691,5564,26,16,195,806,1158,1945,2142,21,11,92,556,861,1746,3422,677,1690,1192,1072,1390,1390,1177,1919,1560,896
"428",11,2018-03-16,12788,47,17,329,1316,1989,3594,5496,25,7,219,798,1157,1879,2075,22,10,110,518,832,1715,3421,614,1690,1203,1116,1343,1358,1121,1954,1414,918
"429",12,2018-03-23,11913,46,15,278,1349,1917,3342,4966,35,5,182,810,1133,1732,1885,11,10,96,539,784,1610,3081,576,1516,1124,1038,1263,1251,1095,1853,1283,774
"430",13,2018-03-30,9941,43,20,261,1065,1586,2884,4082,21,7,179,674,921,1580,1505,22,13,82,391,665,1304,2577,498,1335,973,819,1019,1074,910,1518,1047,633
"431",14,2018-04-06,10794,46,22,260,1229,1764,3013,4460,28,13,167,718,1029,1605,1699,18,9,93,511,735,1408,2761,534,1470,1105,886,1054,1196,1014,1578,1142,730
"432",15,2018-04-13,12301,36,25,337,1382,2053,3442,5026,19,14,220,812,1197,1870,1974,17,11,117,570,856,1572,3052,631,1613,1199,1068,1228,1425,1133,1883,1293,743
"433",16,2018-04-20,11223,54,21,301,1386,1880,3109,4472,29,10,191,830,1106,1678,1722,25,11,110,556,774,1431,2750,559,1456,1037,986,1170,1248,1039,1743,1212,688
"434",17,2018-04-27,10306,57,12,340,1213,1707,2906,4071,32,6,227,731,980,1522,1566,25,6,113,482,727,1384,2505,516,1391,987,904,969,1209,947,1613,1117,614
"435",18,2018-05-04,10153,51,21,308,1363,1725,2907,3778,29,14,201,815,1008,1539,1511,22,7,107,548,717,1368,2267,534,1347,922,892,1113,1117,917,1570,1082,633
"436",19,2018-05-11,8624,48,21,247,1115,1437,2384,3372,26,12,163,648,841,1280,1343,22,9,84,467,596,1104,2029,510,1116,886,740,823,937,841,1294,929,530
"437",20,2018-05-18,10141,52,24,300,1330,1760,2791,3884,29,16,205,791,1017,1509,1543,23,8,95,539,743,1282,2341,504,1390,888,943,1105,1125,913,1511,1068,667
"438",21,2018-05-25,9636,60,13,294,1258,1659,2687,3665,33,8,170,731,994,1431,1509,27,5,124,527,665,1256,2156,501,1278,913,828,983,1053,932,1512,997,603
"439",22,2018-06-01,8147,46,18,250,998,1431,2330,3074,27,14,171,581,845,1259,1210,19,4,79,417,586,1071,1864,458,1142,769,716,859,839,784,1187,830,538
"440",23,2018-06-08,9950,46,19,298,1195,1700,2881,3811,32,9,193,723,968,1510,1524,14,10,105,472,732,1371,2287,548,1309,985,884,1065,1157,890,1435,1057,607
"441",24,2018-06-15,9343,60,17,286,1199,1607,2670,3504,33,7,182,698,949,1479,1368,27,10,104,501,658,1191,2136,454,1167,947,777,967,991,921,1442,1085,561
"442",25,2018-06-22,9256,55,21,308,1161,1613,2550,3548,27,13,203,696,994,1382,1447,28,8,105,465,619,1168,2101,475,1217,944,764,971,985,855,1448,1019,562
"443",26,2018-06-29,9212,43,22,306,1184,1652,2508,3497,23,15,193,726,936,1346,1393,20,7,113,458,716,1162,2104,484,1214,882,822,954,1011,824,1408,983,599
"444",27,2018-07-06,9258,50,23,286,1150,1548,2611,3590,26,15,181,697,892,1418,1443,24,8,105,453,656,1193,2147,477,1280,895,788,998,940,814,1426,991,625
"445",28,2018-07-13,9293,48,21,304,1140,1600,2633,3547,25,15,204,677,957,1421,1388,23,6,100,463,643,1212,2159,470,1239,901,758,961,993,941,1403,1025,583
"446",29,2018-07-20,9127,45,15,304,1166,1577,2484,3536,28,8,187,703,925,1333,1455,17,7,117,463,652,1151,2081,471,1229,942,730,949,953,905,1373,971,548
"447",30,2018-07-27,9141,59,13,291,1193,1566,2628,3391,36,10,197,727,922,1417,1277,23,3,94,466,644,1211,2114,477,1219,907,762,897,1008,955,1374,941,560
"448",31,2018-08-03,9161,62,18,286,1155,1536,2620,3484,33,12,190,685,863,1357,1388,29,6,96,470,673,1263,2096,486,1228,817,830,961,1010,883,1396,957,574
"449",32,2018-08-10,9319,59,18,328,1175,1608,2563,3568,30,11,237,725,960,1439,1378,29,7,91,450,648,1124,2190,448,1231,913,793,946,1028,947,1453,997,537
"450",33,2018-08-17,8830,64,11,253,1130,1558,2489,3325,38,7,161,669,918,1311,1339,26,4,92,461,640,1178,1986,446,1171,880,742,910,991,870,1361,902,518
"451",34,2018-08-24,8978,44,22,250,1083,1601,2560,3418,30,8,165,659,901,1381,1365,14,14,85,424,700,1179,2053,477,1134,913,780,983,993,808,1392,900,565
"452",35,2018-08-31,7865,51,11,233,1017,1442,2150,2961,30,8,151,575,815,1123,1177,21,3,82,442,627,1027,1784,437,1058,779,630,793,877,741,1170,845,511
"453",36,2018-09-07,9445,45,20,323,1196,1621,2638,3602,27,9,194,709,985,1361,1475,18,11,129,487,636,1277,2127,534,1152,956,804,1005,996,904,1464,1000,594
"454",37,2018-09-14,9191,55,18,275,1180,1600,2576,3487,29,9,179,722,922,1353,1387,26,9,96,458,678,1223,2100,465,1231,865,814,956,999,834,1440,986,579
"455",38,2018-09-21,9305,69,18,292,1171,1623,2601,3531,42,11,179,709,945,1373,1431,27,7,113,462,678,1228,2100,475,1226,912,776,947,990,865,1503,986,598
"456",39,2018-09-28,9150,50,10,270,1083,1607,2629,3501,29,6,184,652,929,1443,1397,21,4,86,431,678,1186,2104,483,1262,904,766,965,957,868,1375,965,560
"457",40,2018-10-05,9503,40,17,287,1200,1627,2696,3636,16,7,173,709,965,1461,1443,24,10,114,491,662,1235,2193,514,1302,948,781,1020,990,898,1387,1020,595
"458",41,2018-10-12,9649,47,20,328,1212,1607,2741,3694,23,14,229,699,987,1451,1437,24,6,99,513,620,1290,2257,486,1291,963,832,980,1071,860,1491,1043,606
"459",42,2018-10-19,9864,43,18,301,1209,1654,2769,3870,26,14,195,760,965,1493,1549,17,4,106,449,689,1276,2321,527,1274,968,815,979,1045,941,1570,1088,640
"460",43,2018-10-26,9603,65,24,309,1200,1657,2642,3706,34,15,202,702,953,1474,1466,31,9,107,498,704,1168,2240,526,1215,956,880,1079,993,905,1376,1004,633
"461",44,2018-11-02,9529,46,24,289,1151,1569,2700,3750,27,15,192,677,937,1448,1530,19,9,97,474,632,1252,2220,511,1330,964,810,890,1042,896,1465,988,604
"462",45,2018-11-09,10151,44,12,308,1157,1666,2949,4015,24,7,195,687,971,1589,1549,20,5,113,470,695,1360,2466,520,1403,981,813,1081,1094,925,1543,1106,642
"463",46,2018-11-16,10193,47,29,292,1238,1716,2819,4052,24,15,196,734,986,1519,1684,23,14,96,504,730,1300,2368,490,1408,969,899,1047,1128,940,1538,1077,656
"464",47,2018-11-23,9957,62,22,312,1223,1700,2766,3872,35,8,197,700,982,1455,1568,27,14,115,523,718,1311,2304,511,1357,1013,848,1001,1071,903,1503,1062,657
"465",48,2018-11-30,10033,58,20,317,1246,1658,2829,3905,32,5,205,733,953,1504,1531,26,15,112,513,705,1325,2374,505,1330,998,838,1076,1077,948,1523,1040,673
"466",49,2018-12-07,10287,45,15,326,1218,1696,2965,4022,24,9,220,701,991,1573,1532,21,6,106,517,705,1392,2490,539,1377,1006,830,1098,1106,958,1594,1076,674
"467",50,2018-12-14,10550,51,13,295,1265,1814,2962,4150,26,9,190,747,1057,1576,1598,25,4,105,518,757,1386,2552,561,1422,1108,873,1034,1130,1007,1573,1106,708
"468",51,2018-12-21,11116,41,23,333,1306,1867,3136,4410,24,15,222,810,1112,1680,1708,17,8,111,496,755,1456,2702,625,1439,1148,930,1145,1124,1035,1688,1225,724
"469",52,2018-12-28,7131,22,11,166,792,1205,2013,2922,10,7,103,450,694,1051,1146,12,4,63,342,511,962,1776,459,1020,688,651,660,695,655,1062,756,461
"470",1,2019-01-04,10955,43,15,215,1199,1766,3078,4639,28,5,128,693,992,1590,1758,15,10,87,506,774,1488,2881,574,1456,1148,964,1180,1136,1021,1586,1136,718
"471",2,2019-01-11,12609,50,20,280,1419,2179,3590,5071,20,13,168,852,1265,1857,1997,30,7,112,567,914,1733,3074,643,1612,1279,1089,1299,1386,1137,1927,1394,809
"472",3,2019-01-18,11860,59,29,319,1373,2004,3414,4662,39,14,211,831,1131,1837,1828,20,15,108,542,873,1577,2834,627,1566,1197,979,1187,1344,1073,1936,1236,683
"473",4,2019-01-25,11740,42,22,339,1438,1936,3266,4697,26,10,225,860,1154,1766,1862,16,12,114,578,782,1500,2835,640,1593,1137,1037,1131,1291,1045,1875,1229,734
"474",5,2019-02-01,11297,57,15,307,1367,1852,3126,4573,38,10,208,805,1045,1664,1834,19,5,99,562,807,1462,2739,618,1485,1131,963,1150,1202,1066,1718,1191,745
"475",6,2019-02-08,11660,54,25,267,1387,1955,3251,4721,36,17,152,869,1100,1718,1895,18,8,115,518,855,1533,2826,608,1595,1133,988,1241,1283,1088,1738,1251,701
"476",7,2019-02-15,11824,49,17,305,1372,1911,3392,4778,27,8,201,799,1117,1776,1932,22,9,104,573,794,1616,2846,569,1618,1189,1033,1231,1342,1061,1802,1207,748
"477",8,2019-02-22,11295,59,30,276,1395,1824,3169,4542,30,16,159,850,1088,1696,1804,29,14,117,545,736,1473,2738,610,1495,1124,928,1143,1218,1045,1777,1234,695
"478",9,2019-03-01,11044,52,20,288,1264,1826,3117,4477,24,10,182,745,1059,1656,1787,28,10,106,519,767,1461,2690,572,1425,1109,927,1188,1214,1009,1712,1178,684
"479",10,2019-03-08,10898,45,16,303,1342,1857,3042,4293,32,10,197,839,1112,1664,1689,13,6,106,503,745,1378,2604,582,1463,1083,946,1150,1116,1004,1708,1198,622
"480",11,2019-03-15,10567,57,24,299,1311,1718,2933,4225,30,11,194,788,1043,1531,1633,27,13,105,523,675,1402,2592,527,1393,1054,879,1092,1198,975,1601,1149,666
"481",12,2019-03-22,10402,49,24,293,1249,1713,2948,4126,29,9,200,774,965,1596,1630,20,15,93,475,748,1352,2496,532,1437,1087,890,1062,1066,925,1640,1089,628
"482",13,2019-03-29,9867,45,17,289,1222,1643,2794,3857,26,8,205,728,978,1470,1501,19,9,84,494,665,1324,2356,529,1278,943,875,930,1136,910,1540,1047,654
"483",14,2019-04-05,10126,41,13,296,1232,1614,2937,3993,21,8,184,725,930,1589,1592,20,5,112,507,684,1348,2401,518,1277,959,876,1050,1224,928,1582,1039,642
"484",15,2019-04-12,10291,47,23,288,1265,1712,2907,4049,31,14,194,783,995,1543,1629,16,9,94,482,717,1364,2420,510,1341,1034,858,1084,1188,937,1623,1037,637
"485",16,2019-04-19,9025,48,21,251,1100,1446,2547,3612,24,11,146,644,852,1420,1430,24,10,105,456,594,1127,2182,459,1225,910,759,928,1014,834,1350,919,580
"486",17,2019-04-26,10059,34,18,273,1207,1730,2811,3986,16,9,171,724,970,1543,1588,18,9,102,483,760,1268,2398,551,1365,996,856,1008,1084,951,1495,1053,678
"487",18,2019-05-03,11207,46,18,297,1334,1869,3207,4436,26,14,207,821,1089,1709,1725,20,4,90,513,780,1498,2711,541,1493,1125,986,1136,1139,1040,1782,1251,688
"488",19,2019-05-10,9055,56,17,262,1094,1513,2579,3534,34,9,159,624,868,1362,1411,22,8,103,470,645,1217,2123,484,1214,924,776,906,943,807,1456,922,600
"489",20,2019-05-17,10272,44,14,304,1274,1650,2864,4122,24,7,192,795,977,1528,1685,20,7,112,479,673,1336,2437,548,1402,980,887,1082,1112,927,1570,1078,658
"490",21,2019-05-24,10284,51,21,309,1262,1765,2946,3930,29,12,193,751,1044,1564,1532,22,9,116,511,721,1382,2398,530,1397,1024,888,1070,1097,876,1620,1126,627
"491",22,2019-05-31,8260,45,16,239,991,1382,2403,3184,22,11,147,565,784,1247,1287,23,5,92,426,598,1156,1897,436,1176,782,699,840,842,809,1252,886,518
"492",23,2019-06-07,10140,48,18,306,1223,1741,2846,3958,26,9,199,757,1015,1599,1614,22,9,107,466,726,1247,2344,554,1349,1025,880,1082,982,919,1516,1182,626
"493",24,2019-06-14,9445,46,18,298,1149,1658,2672,3604,22,11,198,673,963,1464,1442,24,7,100,476,695,1208,2162,507,1313,889,817,950,1012,900,1452,986,598
"494",25,2019-06-21,9458,46,20,279,1150,1625,2711,3627,25,11,196,714,963,1480,1427,21,9,83,436,662,1231,2200,478,1344,931,751,938,1011,900,1510,1032,542
"495",26,2019-06-28,9511,39,21,273,1214,1605,2692,3667,22,9,186,738,969,1509,1503,17,12,87,476,636,1183,2164,475,1250,984,790,1013,1028,892,1481,1005,564
"496",27,2019-07-05,9062,33,26,255,1112,1561,2650,3425,24,17,170,637,910,1420,1318,9,9,85,475,651,1230,2107,437,1269,896,750,940,981,833,1431,962,534
"497",28,2019-07-12,9179,44,16,259,1140,1564,2616,3540,23,7,174,698,900,1394,1471,21,9,85,442,664,1222,2069,458,1272,932,747,949,995,875,1357,972,588
"498",29,2019-07-19,9080,45,14,279,1136,1500,2610,3496,31,10,180,683,863,1380,1426,14,4,99,453,637,1230,2070,478,1287,841,809,962,994,829,1328,981,553
"499",30,2019-07-26,9112,57,14,267,1117,1598,2580,3479,36,7,165,660,951,1374,1351,21,7,102,457,647,1206,2128,534,1237,895,774,882,1024,833,1376,982,543
"500",31,2019-08-02,9271,57,11,265,1123,1597,2664,3554,30,6,164,702,921,1445,1455,27,5,101,421,676,1219,2099,536,1234,936,782,929,988,911,1424,926,570
"501",32,2019-08-09,9122,57,12,245,1095,1578,2575,3560,26,9,156,662,938,1410,1387,31,3,89,433,640,1165,2173,530,1149,867,795,953,1026,891,1334,1010,542
"502",33,2019-08-16,9093,54,24,277,1244,1573,2530,3391,28,13,197,743,927,1371,1436,26,11,80,501,646,1159,1955,497,1237,857,749,969,933,892,1355,978,589
"503",34,2019-08-23,8994,47,8,264,1127,1582,2479,3487,31,4,169,681,942,1357,1439,16,4,95,446,640,1122,2048,505,1203,927,726,918,964,826,1389,963,553
"504",35,2019-08-30,8242,45,16,224,1026,1419,2319,3193,23,10,138,629,846,1240,1232,22,6,86,397,573,1079,1961,466,1153,832,697,826,838,784,1245,814,558
"505",36,2019-09-06,9695,54,19,268,1199,1643,2775,3737,29,9,183,715,955,1487,1480,25,10,85,484,688,1288,2257,473,1248,937,867,939,1115,976,1518,1014,582
"506",37,2019-09-13,9513,60,12,297,1169,1617,2654,3704,31,3,178,709,946,1421,1547,29,9,119,460,671,1233,2157,482,1328,916,774,1001,1088,916,1399,1020,567
"507",38,2019-09-20,9440,45,18,264,1174,1592,2695,3652,23,11,165,716,918,1412,1463,22,7,99,458,674,1283,2189,494,1283,954,827,974,1049,889,1385,982,572
"508",39,2019-09-27,9517,55,14,269,1197,1547,2760,3675,28,8,174,704,922,1514,1527,27,6,95,493,625,1246,2148,538,1299,906,842,1027,1014,840,1404,1017,611
"509",40,2019-10-04,9799,68,15,325,1189,1665,2780,3757,37,7,218,705,950,1489,1508,31,8,107,484,715,1291,2249,491,1322,948,875,1008,1059,846,1573,1059,597
"510",41,2019-10-11,9973,46,16,302,1137,1595,2869,4008,26,10,208,686,966,1525,1609,20,6,94,451,629,1344,2399,527,1400,1005,847,1027,1073,887,1557,1026,590
"511",42,2019-10-18,10156,54,14,303,1154,1628,2920,4083,32,10,193,676,937,1551,1641,22,4,110,478,691,1369,2442,567,1400,1019,863,1093,1083,886,1556,1040,622
"512",43,2019-10-25,10021,49,14,281,1198,1663,2799,4017,23,6,186,699,963,1550,1617,26,8,95,499,700,1249,2400,540,1361,1001,846,1019,1063,895,1491,1107,670
"513",44,2019-11-01,10164,45,19,289,1196,1663,2938,4014,27,9,176,682,980,1501,1573,18,10,113,514,683,1437,2441,537,1338,1033,877,967,1100,976,1547,1118,642
"514",45,2019-11-08,10697,52,7,314,1236,1676,2998,4414,29,3,199,738,991,1616,1737,23,4,115,498,685,1382,2677,553,1455,1053,880,1110,1181,974,1701,1102,653
"515",46,2019-11-15,10650,46,19,271,1254,1673,3070,4317,19,9,172,739,980,1635,1692,27,10,99,515,693,1435,2625,607,1402,1070,889,1080,1090,1041,1690,1083,674
"516",47,2019-11-22,10882,57,19,283,1225,1743,3163,4392,32,9,168,724,1042,1724,1776,25,10,115,501,701,1439,2616,582,1464,1039,931,1138,1166,1023,1618,1203,699
"517",48,2019-11-29,10958,56,14,312,1237,1751,3142,4446,35,10,209,739,1008,1746,1808,21,4,103,498,743,1396,2638,563,1469,1139,935,1184,1116,1025,1648,1166,689
"518",49,2019-12-06,10816,50,17,315,1275,1689,3078,4392,32,11,204,756,985,1639,1748,18,6,111,519,704,1439,2644,558,1477,1011,958,1083,1184,986,1647,1157,737
"519",50,2019-12-13,11188,52,32,315,1313,1793,3215,4468,29,16,187,746,1028,1711,1772,23,16,128,567,765,1504,2696,585,1637,1102,973,1130,1176,1044,1690,1130,699
"520",51,2019-12-20,11926,53,19,368,1316,1903,3299,4968,25,9,229,768,1095,1733,1995,28,10,139,548,808,1566,2973,670,1712,1173,1050,1269,1238,1028,1709,1288,767
"521",52,2019-12-27,7533,34,13,148,773,1185,2231,3149,20,6,85,448,666,1123,1218,14,7,63,325,519,1108,1931,411,1200,737,729,720,716,653,1094,766,496
"522",1,2020-01-03,12254,48,16,189,1201,1860,3584,5355,30,8,115,665,1112,1879,2080,18,8,74,536,748,1705,3275,673,1806,1240,1060,1349,1162,1113,1814,1225,787
"523",2,2020-01-10,14058,50,26,275,1500,2198,4014,5994,29,15,176,884,1270,2096,2358,21,11,99,616,928,1918,3636,707,1932,1339,1195,1450,1573,1272,2132,1487,939
"524",3,2020-01-17,12990,69,16,314,1518,2013,3715,5345,38,11,207,939,1161,1966,2108,31,5,107,579,852,1749,3237,647,1696,1278,1106,1407,1457,1073,2064,1466,767
"525",4,2020-01-24,11856,53,21,314,1356,1958,3337,4814,28,14,214,820,1145,1770,1924,25,7,100,536,813,1567,2890,612,1529,1187,1024,1231,1410,1028,1833,1253,723
"526",5,2020-01-31,11612,50,15,308,1348,1928,3256,4707,22,11,195,858,1120,1746,1842,28,4,113,490,808,1510,2865,561,1461,1136,1015,1262,1286,1092,1820,1233,727
"527",6,2020-02-07,10986,30,16,271,1329,1809,3056,4473,14,11,174,784,1049,1588,1786,16,5,97,545,760,1468,2687,564,1529,1072,922,1052,1259,987,1729,1157,690
"528",7,2020-02-14,10944,43,12,286,1288,1754,3009,4556,29,8,184,767,1060,1596,1847,14,4,102,521,694,1413,2709,573,1427,1059,976,1159,1172,967,1688,1169,728
"529",8,2020-02-21,10841,51,18,321,1271,1743,3034,4402,32,11,202,725,998,1672,1799,19,7,119,546,745,1362,2603,539,1477,1087,924,1116,1167,1032,1675,1118,679
"530",9,2020-02-28,10816,49,20,315,1257,1793,2968,4413,30,15,203,717,1064,1580,1826,19,5,112,540,729,1388,2587,572,1476,1078,919,1174,1115,1085,1587,1133,651
"531",10,2020-03-06,10895,56,20,312,1252,1769,3123,4360,31,10,203,744,1034,1663,1773,25,10,109,508,735,1460,2587,568,1490,1112,930,1098,1149,982,1726,1170,652
"532",11,2020-03-13,11019,53,22,311,1340,1753,3104,4434,24,8,198,819,1049,1652,1820,29,14,113,521,704,1452,2614,590,1472,1053,915,1187,1211,964,1751,1174,675
"533",12,2020-03-20,10645,44,12,275,1264,1780,3067,4204,25,8,185,767,1033,1655,1725,19,4,90,497,747,1412,2479,522,1443,1012,947,1115,1043,1008,1657,1156,719
"534",13,2020-03-27,11141,49,13,283,1301,1805,3247,4444,27,5,186,764,1089,1793,1867,22,8,97,537,716,1454,2577,542,1538,982,922,1035,1182,1297,1822,1092,719
"535",14,2020-04-03,16387,51,21,288,1860,2734,5005,6428,26,7,183,1157,1701,2873,2847,25,14,105,703,1033,2132,3581,770,2137,1436,1246,1812,1717,2511,2294,1520,920
"536",15,2020-04-10,18516,38,14,332,2111,2946,5613,7462,28,7,201,1315,1804,3246,3347,10,7,131,796,1142,2367,4115,849,2597,1503,1452,2182,1984,2832,2604,1560,928
"537",16,2020-04-17,22351,51,15,353,2294,3380,6657,9601,24,7,217,1401,2071,3735,3990,27,8,136,893,1309,2922,5611,1155,3195,1960,1632,2536,2466,3275,3084,1854,1169
"538",17,2020-04-24,21997,54,12,404,2283,3238,6513,9493,33,9,251,1434,2015,3621,3865,21,3,153,849,1223,2892,5628,1103,3109,2095,1711,2481,2299,2785,3334,1924,1124
"539",18,2020-05-01,17953,48,11,345,1897,2601,5142,7909,30,5,213,1183,1571,2760,3095,18,6,132,714,1030,2382,4814,922,2503,1844,1418,1975,1982,1953,2853,1554,929
"540",19,2020-05-08,12657,28,20,233,1370,1935,3627,5444,16,13,147,847,1129,1979,2078,12,7,86,523,806,1648,3366,769,1790,1328,1094,1326,1321,1213,1887,1218,692
"541",20,2020-05-15,14573,56,19,287,1643,2188,4167,6213,34,11,180,987,1290,2293,2448,22,8,107,656,898,1874,3765,845,1992,1589,1283,1502,1543,1329,2251,1449,772
"542",21,2020-05-22,12288,51,16,339,1481,1883,3455,5063,26,12,222,906,1124,1822,1985,25,4,117,575,759,1633,3078,718,1636,1236,1041,1319,1397,1125,1937,1177,692
"543",22,2020-05-29,9824,40,14,232,1123,1567,2880,3968,22,8,156,662,894,1541,1551,18,6,76,461,673,1339,2417,550,1337,1046,863,970,1095,841,1515,1011,587
"544",23,2020-06-05,10709,44,16,267,1308,1791,3142,4141,20,11,171,790,1032,1663,1656,24,5,96,518,759,1479,2485,576,1478,1090,931,1172,1131,891,1610,1116,700
